0	0	-0
0.04	0.392	0.0156784
0.08	0.784	0.0626939
0.12	1.176	0.140988
0.16	1.568	0.250464
0.2	1.95999	0.390987
0.24	2.35199	0.562383
0.28	2.74399	0.764442
0.32	3.13598	0.996918
0.36	3.52798	1.25953
0.4	3.91997	1.55196
0.44	4.31196	1.87385
0.48	4.70395	2.22484
0.52	5.09595	2.60449
0.56	5.48794	3.01238
0.6	5.87993	3.44803
0.64	6.27192	3.91095
0.68	6.6639	4.40061
0.72	7.05589	4.91648
0.76	7.44788	5.45798
0.8	7.83987	6.02454
0.84	8.23185	6.61554
0.88	8.62384	7.23039
0.92	9.01582	7.86843
0.96	9.4078	8.52904
1	9.79979	9.21154
1.04	10.1918	9.9153
1.08	10.5837	10.6396
1.12	10.9757	11.3838
1.16	11.3677	12.1473
1.2	11.7597	12.9293
1.24	12.1517	13.7291
1.28	12.5436	14.5461
1.32	12.9356	15.3796
1.36	13.3276	16.229
1.4	13.7196	17.0935
1.44	14.1115	17.9725
1.48	14.5035	18.8653
1.52	14.8955	19.7713
1.56	15.2875	20.6899
1.6	15.6794	21.6205
1.64	16.0714	22.5623
1.68	16.4634	23.5149
1.72	16.8554	24.4775
1.76	17.2473	25.4498
1.8	17.6393	26.431
1.84	18.0313	27.4206
1.88	18.4232	28.4182
1.92	18.8152	29.4231
1.96	19.2072	30.4349
2	19.5991	31.4532
2.04	19.9911	32.4773
2.08	20.383	33.5069
2.12	20.775	34.5415
2.16	21.167	35.5807
2.2	21.5589	36.6241
2.24	21.9509	37.6712
2.28	22.3428	38.7218
2.32	22.7348	39.7755
2.36	23.1268	40.8318
2.4	23.5187	41.8906
2.44	23.9107	42.9513
2.48	24.3026	44.0139
2.52	24.6946	45.0779
2.56	25.0865	46.1431
2.6	25.4785	47.2092
2.64	25.8705	48.276
2.68	26.2624	49.3433
2.72	26.6544	50.4108
2.76	27.0463	51.4783
2.8	27.4383	52.5456
2.84	27.8302	53.6126
2.88	28.2222	54.679
2.92	28.6141	55.7447
2.96	29.006	56.8096
3	29.398	57.8734
3.04	29.7899	58.9361
3.08	30.1819	59.9976
3.12	30.5738	61.0577
3.16	30.9658	62.1163
3.2	31.3577	63.1733
3.24	31.7497	64.2287
3.28	32.1416	65.2823
3.32	32.5335	66.3341
3.36	32.9255	67.384
3.4	33.3174	68.4319
3.44	33.7094	69.4778
3.48	34.1013	70.5216
3.52	34.4932	71.5633
3.56	34.8852	72.6028
3.6	35.2771	73.6402
3.64	35.669	74.6753
3.68	36.061	75.7082
3.72	36.4529	76.7389
3.76	36.8448	77.7672
3.8	37.2368	78.7933
3.84	37.6287	79.817
3.88	38.0206	80.8384
3.92	38.4126	81.8576
3.96	38.8045	82.8744
4	39.1964	83.8889
4.04	39.5883	84.901
4.08	39.9803	85.9109
4.12	40.3722	86.9185
4.16	40.7641	87.9239
4.2	41.156	88.9269
4.24	41.548	89.9277
4.28	41.9399	90.9263
4.32	42.3318	91.9227
4.36	42.7237	92.9169
4.4	43.1157	93.9089
4.44	43.5076	94.8988
4.48	43.8995	95.8865
4.52	44.2914	96.8722
4.56	44.6833	97.8558
4.6	45.0752	98.8373
4.64	45.4672	99.8169
4.68	45.8591	100.794
4.72	46.251	101.77
4.76	46.6429	102.744
4.8	47.0348	103.715
4.84	47.4267	104.685
4.88	47.8186	105.653
4.92	48.2106	106.62
4.96	48.6025	107.584
5	48.9944	108.547
5.04	49.3863	109.508
5.08	49.7782	110.467
5.12	50.1701	111.425
5.16	50.562	112.381
5.2	50.9539	113.335
5.24	51.3458	114.288
5.28	51.7377	115.239
5.32	52.1296	116.189
5.36	52.5215	117.137
5.4	52.9134	118.084
5.44	53.3053	119.03
5.48	53.6972	119.974
5.52	54.0891	120.917
5.56	54.481	121.858
5.6	54.8729	122.798
5.64	55.2648	123.737
5.68	55.6567	124.674
5.72	56.0486	125.611
5.76	56.4405	126.546
5.8	56.8324	127.48
5.84	57.2243	128.413
5.88	57.6162	129.345
5.92	58.0081	130.275
5.96	58.4	131.205
6	58.7919	132.133
6.04	59.1838	133.061
6.08	59.5757	133.987
6.12	59.9676	134.913
6.16	60.3594	135.838
6.2	60.7513	136.761
6.24	61.1432	137.684
6.28	61.5351	138.606
6.32	61.927	139.527
6.36	62.3189	140.447
6.4	62.7108	141.367
6.44	63.1026	142.285
6.48	63.4945	143.203
6.52	63.8864	144.12
6.56	64.2783	145.036
6.6	64.6702	145.952
6.64	65.0621	146.867
6.68	65.4539	147.781
6.72	65.8458	148.695
6.76	66.2377	149.608
6.8	66.6296	150.52
6.84	67.0214	151.431
6.88	67.4133	152.343
6.92	67.8052	153.253
6.96	68.1971	154.163
7	68.5889	155.072
7.04	68.9808	155.981
7.08	69.3727	156.889
7.12	69.7646	157.797
7.16	70.1564	158.704
7.2	70.5483	159.611
7.24	70.9402	160.517
7.28	71.332	161.423
7.32	71.7239	162.328
7.36	72.1158	163.233
7.4	72.5076	164.138
7.44	72.8995	165.042
7.48	73.2914	165.946
7.52	73.6832	166.849
7.56	74.0751	167.752
7.6	74.467	168.654
7.64	74.8588	169.556
7.68	75.2507	170.458
7.72	75.6425	171.36
7.76	76.0344	172.261
7.8	76.4263	173.162
7.84	76.8181	174.062
7.88	77.21	174.962
7.92	77.6018	175.862
7.96	77.9937	176.762
8	78.3855	177.661
8.04	78.7774	178.56
8.08	79.1692	179.459
8.12	79.5611	180.358
8.16	79.9529	181.256
8.2	80.3448	182.154
8.24	80.7367	183.052
8.28	81.1285	183.949
8.32	81.5204	184.847
8.36	81.9122	185.744
8.4	82.304	186.641
8.44	82.6959	187.537
8.48	83.0877	188.434
8.52	83.4796	189.33
8.56	83.8714	190.226
8.6	84.2633	191.122
8.64	84.6551	192.018
8.68	85.047	192.914
8.72	85.4388	193.809
8.76	85.8306	194.704
8.8	86.2225	195.599
8.84	86.6143	196.494
8.88	87.0062	197.389
8.92	87.398	198.284
8.96	87.7898	199.178
9	88.1817	200.072
9.04	88.5735	200.967
9.08	88.9653	201.861
9.12	89.3572	202.755
9.16	89.749	203.649
9.2	90.1409	204.542
9.24	90.5327	205.436
9.28	90.9245	206.329
9.32	91.3163	207.223
9.36	91.7082	208.116
9.4	92.1	209.009
9.44	92.4918	209.902
9.48	92.8837	210.795
9.52	93.2755	211.688
9.56	93.6673	212.581
9.6	94.0591	213.474
9.64	94.451	214.366
9.68	94.8428	215.259
9.72	95.2346	216.151
9.76	95.6264	217.044
9.8	96.0183	217.936
9.84	96.4101	218.828
9.88	96.8019	219.72
9.92	97.1937	220.613
9.96	97.5855	221.505
10	97.9774	222.397
10.04	98.3692	223.288
10.08	98.761	224.18
10.12	99.1528	225.072
10.16	99.5446	225.964
10.2	99.9364	226.855
10.24	100.328	227.747
10.28	100.72	228.639
10.32	101.112	229.53
10.36	101.504	230.422
10.4	101.896	231.313
10.44	102.287	232.204
10.48	102.679	233.096
10.52	103.071	233.987
10.56	103.463	234.878
10.6	103.855	235.769
10.64	104.246	236.66
10.68	104.638	237.551
10.72	105.03	238.443
10.76	105.422	239.334
10.8	105.814	240.225
10.84	106.205	241.116
10.88	106.597	242.006
10.92	106.989	242.897
10.96	107.381	243.788
11	107.773	244.679
11.04	108.164	245.57
11.08	108.556	246.461
11.12	108.948	247.351
11.16	109.34	248.242
11.2	109.732	249.133
11.24	110.123	250.023
11.28	110.515	250.914
11.32	110.907	251.805
11.36	111.299	252.695
11.4	111.691	253.586
11.44	112.082	254.476
11.48	112.474	255.367
11.52	112.866	256.257
11.56	113.258	257.148
11.6	113.65	258.038
11.64	114.041	258.929
11.68	114.433	259.819
11.72	114.825	260.709
11.76	115.217	261.6
11.8	115.608	262.49
11.84	116	263.381
11.88	116.392	264.271
11.92	116.784	265.161
11.96	117.176	266.052
12	117.567	266.942
12.04	117.959	267.832
12.08	118.351	268.722
12.12	118.743	269.613
12.16	119.134	270.503
12.2	119.526	271.393
12.24	119.918	272.283
12.28	120.31	273.174
12.32	120.702	274.064
12.36	121.093	274.954
12.4	121.485	275.844
12.44	121.877	276.734
12.48	122.269	277.624
12.52	122.66	278.515
12.56	123.052	279.405
12.6	123.444	280.295
12.64	123.836	281.185
12.68	124.228	282.075
12.72	124.619	282.965
12.76	125.011	283.855
12.8	125.403	284.745
12.84	125.795	285.635
12.88	126.186	286.526
12.92	126.578	287.416
12.96	126.97	288.306
13	127.362	289.196
13.04	127.753	290.086
13.08	128.145	290.976
13.12	128.537	291.866
13.16	128.929	292.756
13.2	129.32	293.646
13.24	129.712	294.536
13.28	130.104	295.426
13.32	130.496	296.316
13.36	130.888	297.206
13.4	131.279	298.096
13.44	131.671	298.986
13.48	132.063	299.876
13.52	132.455	300.766
13.56	132.846	301.656
13.6	133.238	302.546
13.64	133.63	303.436
13.68	134.022	304.326
13.72	134.413	305.216
13.76	134.805	306.106
13.8	135.197	306.996
13.84	135.589	307.886
13.88	135.98	308.776
13.92	136.372	309.666
13.96	136.764	310.555
14	137.156	311.445
14.04	137.547	312.335
14.08	137.939	313.225
14.12	138.331	314.115
14.16	138.723	315.005
14.2	139.114	315.895
14.24	139.506	316.785
14.28	139.898	317.675
14.32	140.289	318.565
14.36	140.681	319.455
14.4	141.073	320.345
14.44	141.465	321.235
14.48	141.856	322.124
14.52	142.248	323.014
14.56	142.64	323.904
14.6	143.032	324.794
14.64	143.423	325.684
14.68	143.815	326.574
14.72	144.207	327.464
14.76	144.599	328.354
14.8	144.99	329.244
14.84	145.382	330.134
14.88	145.774	331.024
14.92	146.166	331.913
14.96	146.557	332.803
15	146.949	333.693
15.04	147.341	334.583
15.08	147.732	335.473
15.12	148.124	336.363
15.16	148.516	337.253
15.2	148.908	338.143
15.24	149.299	339.033
15.28	149.691	339.922
15.32	150.083	340.812
15.36	150.474	341.702
15.4	150.866	342.592
15.44	151.258	343.482
15.48	151.65	344.372
15.52	152.041	345.262
15.56	152.433	346.152
15.6	152.825	347.041
15.64	153.217	347.931
15.68	153.608	348.821
15.72	154	349.711
15.76	154.392	350.601
15.8	154.783	351.491
15.84	155.175	352.381
15.88	155.567	353.271
15.92	155.958	354.16
15.96	156.35	355.05
16	156.742	355.94
16.04	157.134	356.83
16.08	157.525	357.72
16.12	157.917	358.61
16.16	158.309	359.5
16.2	158.7	360.39
16.24	159.092	361.279
16.28	159.484	362.169
16.32	159.876	363.059
16.36	160.267	363.949
16.4	160.659	364.839
16.44	161.051	365.729
16.48	161.442	366.619
16.52	161.834	367.508
16.56	162.226	368.398
16.6	162.617	369.288
16.64	163.009	370.178
16.68	163.401	371.068
16.72	163.793	371.958
16.76	164.184	372.848
16.8	164.576	373.737
16.84	164.968	374.627
16.88	165.359	375.517
16.92	165.751	376.407
16.96	166.143	377.297
17	166.534	378.187
17.04	166.926	379.077
17.08	167.318	379.966
17.12	167.709	380.856
17.16	168.101	381.746
17.2	168.493	382.636
17.24	168.885	383.526
17.28	169.276	384.416
17.32	169.668	385.306
17.36	170.06	386.196
17.4	170.451	387.085
17.44	170.843	387.975
17.48	171.235	388.865
17.52	171.626	389.755
17.56	172.018	390.645
17.6	172.41	391.535
17.64	172.801	392.425
17.68	173.193	393.314
17.72	173.585	394.204
17.76	173.976	395.094
17.8	174.368	395.984
17.84	174.76	396.874
17.88	175.151	397.764
17.92	175.543	398.653
17.96	175.935	399.543
18	176.326	400.433
18.04	176.718	401.323
18.08	177.11	402.213
18.12	177.501	403.103
18.16	177.893	403.993
18.2	178.285	404.882
18.24	178.676	405.772
18.28	179.068	406.662
18.32	179.46	407.552
18.36	179.851	408.442
18.4	180.243	409.332
18.44	180.635	410.222
18.48	181.026	411.111
18.52	181.418	412.001
18.56	181.81	412.891
18.6	182.201	413.781
18.64	182.593	414.671
18.68	182.985	415.561
18.72	183.376	416.451
18.76	183.768	417.34
18.8	184.16	418.23
18.84	184.551	419.12
18.88	184.943	420.01
18.92	185.335	420.9
18.96	185.726	421.79
19	186.118	422.68
19.04	186.51	423.569
19.08	186.901	424.459
19.12	187.293	425.349
19.16	187.685	426.239
19.2	188.076	427.129
19.24	188.468	428.019
19.28	188.86	428.909
19.32	189.251	429.798
19.36	189.643	430.688
19.4	190.035	431.578
19.44	190.426	432.468
19.48	190.818	433.358
19.52	191.209	434.248
19.56	191.601	435.138
19.6	191.993	436.027
19.64	192.384	436.917
19.68	192.776	437.807
19.72	193.168	438.697
19.76	193.559	439.587
19.8	193.951	440.477
19.84	194.343	441.366
19.88	194.734	442.256
19.92	195.126	443.146
19.96	195.518	444.036
20	195.909	444.926
20.04	196.301	445.816
20.08	196.692	446.706
20.12	197.084	447.595
20.16	197.476	448.485
20.2	197.867	449.375
20.24	198.259	450.265
20.28	198.651	451.155
20.32	199.042	452.045
20.36	199.434	452.935
20.4	199.826	453.824
20.44	200.217	454.714
20.48	200.609	455.604
20.52	201	456.494
20.56	201.392	457.384
20.6	201.784	458.274
20.64	202.175	459.164
20.68	202.567	460.053
20.72	202.959	460.943
20.76	203.35	461.833
20.8	203.742	462.723
20.84	204.133	463.613
20.88	204.525	464.503
20.92	204.917	465.392
20.96	205.308	466.282
21	205.7	467.172
21.04	206.091	468.062
21.08	206.483	468.952
21.12	206.875	469.842
21.16	207.266	470.732
21.2	207.658	471.621
21.24	208.05	472.511
21.28	208.441	473.401
21.32	208.833	474.291
21.36	209.224	475.181
21.4	209.616	476.071
21.44	210.008	476.961
21.48	210.399	477.85
21.52	210.791	478.74
21.56	211.182	479.63
21.6	211.574	480.52
21.64	211.966	481.41
21.68	212.357	482.3
21.72	212.749	483.19
21.76	213.14	484.079
21.8	213.532	484.969
21.84	213.924	485.859
21.88	214.315	486.749
21.92	214.707	487.639
21.96	215.098	488.529
22	215.49	489.418
22.04	215.882	490.308
22.08	216.273	491.198
22.12	216.665	492.088
22.16	217.056	492.978
22.2	217.448	493.868
22.24	217.84	494.758
22.28	218.231	495.647
22.32	218.623	496.537
22.36	219.014	497.427
22.4	219.406	498.317
22.44	219.798	499.207
22.48	220.189	500.097
22.52	220.581	500.987
22.56	220.972	501.876
22.6	221.364	502.766
22.64	221.756	503.656
22.68	222.147	504.546
22.72	222.539	505.436
22.76	222.93	506.326
22.8	223.322	507.216
22.84	223.714	508.105
22.88	224.105	508.995
22.92	224.497	509.885
22.96	224.888	510.775
23	225.28	511.665
23.04	225.671	512.555
23.08	226.063	513.444
23.12	226.455	514.334
23.16	226.846	515.224
23.2	227.238	516.114
23.24	227.629	517.004
23.28	228.021	517.894
23.32	228.412	518.784
23.36	228.804	519.673
23.4	229.196	520.563
23.44	229.587	521.453
23.48	229.979	522.343
23.52	230.37	523.233
23.56	230.762	524.123
23.6	231.153	525.013
23.64	231.545	525.902
23.68	231.937	526.792
23.72	232.328	527.682
23.76	232.72	528.572
23.8	233.111	529.462
23.84	233.503	530.352
23.88	233.894	531.242
23.92	234.286	532.131
23.96	234.678	533.021
24	235.069	533.911
24.04	235.461	534.801
24.08	235.852	535.691
24.12	236.244	536.581
24.16	236.635	537.47
24.2	237.027	538.36
24.24	237.419	539.25
24.28	237.81	540.14
24.32	238.202	541.03
24.36	238.593	541.92
24.4	238.985	542.81
24.44	239.376	543.699
24.48	239.768	544.589
24.52	240.159	545.479
24.56	240.551	546.369
24.6	240.943	547.259
24.64	241.334	548.149
24.68	241.726	549.039
24.72	242.117	549.928
24.76	242.509	550.818
24.8	242.9	551.708
24.84	243.292	552.598
24.88	243.683	553.488
24.92	244.075	554.378
24.96	244.466	555.268
25	244.858	556.157
25.04	245.25	557.047
25.08	245.641	557.937
25.12	246.033	558.827
25.16	246.424	559.717
25.2	246.816	560.607
25.24	247.207	561.496
25.28	247.599	562.386
25.32	247.99	563.276
25.36	248.382	564.166
25.4	248.773	565.056
25.44	249.165	565.946
25.48	249.557	566.836
25.52	249.948	567.725
25.56	250.34	568.615
25.6	250.731	569.505
25.64	251.123	570.395
25.68	251.514	571.285
25.72	251.906	572.175
25.76	252.297	573.065
25.8	252.689	573.954
25.84	253.08	574.844
25.88	253.472	575.734
25.92	253.863	576.624
25.96	254.255	577.514
26	254.646	578.404
26.04	255.038	579.294
26.08	255.429	580.183
26.12	255.821	581.073
26.16	256.213	581.963
26.2	256.604	582.853
26.24	256.996	583.743
26.28	257.387	584.633
26.32	257.779	585.522
26.36	258.17	586.412
26.4	258.562	587.302
26.44	258.953	588.192
26.48	259.345	589.082
26.52	259.736	589.972
26.56	260.128	590.862
26.6	260.519	591.751
26.64	260.911	592.641
26.68	261.302	593.531
26.72	261.694	594.421
26.76	262.085	595.311
26.8	262.477	596.201
26.84	262.868	597.091
26.88	263.26	597.98
26.92	263.651	598.87
26.96	264.043	599.76
27	264.434	600.65
27.04	264.826	601.54
27.08	265.217	602.43
27.12	265.609	603.32
27.16	266	604.209
27.2	266.392	605.099
27.24	266.783	605.989
27.28	267.175	606.879
27.32	267.566	607.769
27.36	267.958	608.659
27.4	268.349	609.548
27.44	268.741	610.438
27.48	269.132	611.328
27.52	269.524	612.218
27.56	269.915	613.108
27.6	270.307	613.998
27.64	270.698	614.888
27.68	271.09	615.777
27.72	271.481	616.667
27.76	271.873	617.557
27.8	272.264	618.447
27.84	272.656	619.337
27.88	273.047	620.227
27.92	273.439	621.117
27.96	273.83	622.006
28	274.222	622.896
28.04	274.613	623.786
28.08	275.005	624.676
28.12	275.396	625.566
28.16	275.788	626.456
28.2	276.179	627.346
28.24	276.571	628.235
28.28	276.962	629.125
28.32	277.354	630.015
28.36	277.745	630.905
28.4	278.137	631.795
28.44	278.528	632.685
28.48	278.92	633.574
28.52	279.311	634.464
28.56	279.703	635.354
28.6	280.094	636.244
28.64	280.486	637.134
28.68	280.877	638.024
28.72	281.269	638.914
28.76	281.66	639.803
28.8	282.052	640.693
28.84	282.443	641.583
28.88	282.834	642.473
28.92	283.226	643.363
28.96	283.617	644.253
29	284.009	645.143
29.04	284.4	646.032
29.08	284.792	646.922
29.12	285.183	647.812
29.16	285.575	648.702
29.2	285.966	649.592
29.24	286.358	650.482
29.28	286.749	651.372
29.32	287.141	652.261
29.36	287.532	653.151
29.4	287.924	654.041
29.44	288.315	654.931
29.48	288.706	655.821
29.52	289.098	656.711
29.56	289.489	657.6
29.6	289.881	658.49
29.64	290.272	659.38
29.68	290.664	660.27
29.72	291.055	661.16
29.76	291.447	662.05
29.8	291.838	662.94
29.84	292.23	663.829
29.88	292.621	664.719
29.92	293.013	665.609
29.96	293.404	666.499
30	293.795	667.389
30.04	294.187	668.279
30.08	294.578	669.169
30.12	294.97	670.058
30.16	295.361	670.948
30.2	295.753	671.838
30.24	296.144	672.728
30.28	296.536	673.618
30.32	296.927	674.508
30.36	297.319	675.398
30.4	297.71	676.287
30.44	298.101	677.177
30.48	298.493	678.067
30.52	298.884	678.957
30.56	299.276	679.847
30.6	299.667	680.737
30.64	300.059	681.626
30.68	300.45	682.516
30.72	300.842	683.406
30.76	301.233	684.296
30.8	301.624	685.186
30.84	302.016	686.076
30.88	302.407	686.966
30.92	302.799	687.855
30.96	303.19	688.745
31	303.582	689.635
31.04	303.973	690.525
31.08	304.364	691.415
31.12	304.756	692.305
31.16	305.147	693.195
31.2	305.539	694.084
31.24	305.93	694.974
31.28	306.322	695.864
31.32	306.713	696.754
31.36	307.104	697.644
31.4	307.496	698.534
31.44	307.887	699.424
31.48	308.279	700.313
31.52	308.67	701.203
31.56	309.062	702.093
31.6	309.453	702.983
31.64	309.844	703.873
31.68	310.236	704.763
31.72	310.627	705.652
31.76	311.019	706.542
31.8	311.41	707.432
31.84	311.802	708.322
31.88	312.193	709.212
31.92	312.584	710.102
31.96	312.976	710.992
32	313.367	711.881
32.04	313.759	712.771
32.08	314.15	713.661
32.12	314.542	714.551
32.16	314.933	715.441
32.2	315.324	716.331
32.24	315.716	717.221
32.28	316.107	718.11
32.32	316.499	719
32.36	316.89	719.89
32.4	317.281	720.78
32.44	317.673	721.67
32.48	318.064	722.56
32.52	318.456	723.45
32.56	318.847	724.339
32.6	319.238	725.229
32.64	319.63	726.119
32.68	320.021	727.009
32.72	320.413	727.899
32.76	320.804	728.789
32.8	321.195	729.678
32.84	321.587	730.568
32.88	321.978	731.458
32.92	322.37	732.348
32.96	322.761	733.238
33	323.152	734.128
33.04	323.544	735.018
33.08	323.935	735.907
33.12	324.327	736.797
33.16	324.718	737.687
33.2	325.109	738.577
33.24	325.501	739.467
33.28	325.892	740.357
33.32	326.284	741.247
33.36	326.675	742.136
33.4	327.066	743.026
33.44	327.458	743.916
33.48	327.849	744.806
33.52	328.241	745.696
33.56	328.632	746.586
33.6	329.023	747.476
33.64	329.415	748.365
33.68	329.806	749.255
33.72	330.198	750.145
33.76	330.589	751.035
33.8	330.98	751.925
33.84	331.372	752.815
33.88	331.763	753.704
33.92	332.154	754.594
33.96	332.546	755.484
34	332.937	756.374
34.04	333.329	757.264
34.08	333.72	758.154
34.12	334.111	759.044
34.16	334.503	759.933
34.2	334.894	760.823
34.24	335.286	761.713
34.28	335.677	762.603
34.32	336.068	763.493
34.36	336.46	764.383
34.4	336.851	765.273
34.44	337.242	766.162
34.48	337.634	767.052
34.52	338.025	767.942
34.56	338.417	768.832
34.6	338.808	769.722
34.64	339.199	770.612
34.68	339.591	771.502
34.72	339.982	772.391
34.76	340.373	773.281
34.8	340.765	774.171
34.84	341.156	775.061
34.88	341.547	775.951
34.92	341.939	776.841
34.96	342.33	777.73
35	342.722	778.62
35.04	343.113	779.51
35.08	343.504	780.4
35.12	343.896	781.29
35.16	344.287	782.18
35.2	344.678	783.07
35.24	345.07	783.959
35.28	345.461	784.849
35.32	345.852	785.739
35.36	346.244	786.629
35.4	346.635	787.519
35.44	347.026	788.409
35.48	347.418	789.299
35.52	347.809	790.188
35.56	348.201	791.078
35.6	348.592	791.968
35.64	348.983	792.858
35.68	349.375	793.748
35.72	349.766	794.638
35.76	350.157	795.528
35.8	350.549	796.417
35.84	350.94	797.307
35.88	351.331	798.197
35.92	351.723	799.087
35.96	352.114	799.977
36	352.505	800.867
36.04	352.897	801.756
36.08	353.288	802.646
36.12	353.679	803.536
36.16	354.071	804.426
36.2	354.462	805.316
36.24	354.853	806.206
36.28	355.245	807.096
36.32	355.636	807.985
36.36	356.027	808.875
36.4	356.419	809.765
36.44	356.81	810.655
36.48	357.201	811.545
36.52	357.593	812.435
36.56	357.984	813.325
36.6	358.375	814.214
36.64	358.767	815.104
36.68	359.158	815.994
36.72	359.549	816.884
36.76	359.941	817.774
36.8	360.332	818.664
36.84	360.723	819.554
36.88	361.115	820.443
36.92	361.506	821.333
36.96	361.897	822.223
37	362.289	823.113
37.04	362.68	824.003
37.08	363.071	824.893
37.12	363.463	825.782
37.16	363.854	826.672
37.2	364.245	827.562
37.24	364.637	828.452
37.28	365.028	829.342
37.32	365.419	830.232
37.36	365.811	831.122
37.4	366.202	832.011
37.44	366.593	832.901
37.48	366.985	833.791
37.52	367.376	834.681
37.56	367.767	835.571
37.6	368.159	836.461
37.64	368.55	837.351
37.68	368.941	838.24
37.72	369.333	839.13
37.76	369.724	840.02
37.8	370.115	840.91
37.84	370.506	841.8
37.88	370.898	842.69
37.92	371.289	843.58
37.96	371.68	844.469
38	372.072	845.359
38.04	372.463	846.249
38.08	372.854	847.139
38.12	373.246	848.029
38.16	373.637	848.919
38.2	374.028	849.808
38.24	374.42	850.698
38.28	374.811	851.588
38.32	375.202	852.478
38.36	375.593	853.368
38.4	375.985	854.258
38.44	376.376	855.148
38.48	376.767	856.037
38.52	377.159	856.927
38.56	377.55	857.817
38.6	377.941	858.707
38.64	378.333	859.597
38.68	378.724	860.487
38.72	379.115	861.377
38.76	379.506	862.266
38.8	379.898	863.156
38.84	380.289	864.046
38.88	380.68	864.936
38.92	381.072	865.826
38.96	381.463	866.716
39	381.854	867.606
39.04	382.246	868.495
39.08	382.637	869.385
39.12	383.028	870.275
39.16	383.419	871.165
39.2	383.811	872.055
39.24	384.202	872.945
39.28	384.593	873.834
39.32	384.985	874.724
39.36	385.376	875.614
39.4	385.767	876.504
39.44	386.158	877.394
39.48	386.55	878.284
39.52	386.941	879.174
39.56	387.332	880.063
39.6	387.723	880.953
39.64	388.115	881.843
39.68	388.506	882.733
39.72	388.897	883.623
39.76	389.289	884.513
39.8	389.68	885.403
39.84	390.071	886.292
39.88	390.462	887.182
39.92	390.854	888.072
39.96	391.245	888.962
40	391.636	889.852
40.04	392.028	890.742
40.08	392.419	891.632
40.12	392.81	892.521
40.16	393.201	893.411
40.2	393.593	894.301
40.24	393.984	895.191
40.28	394.375	896.081
40.32	394.766	896.971
40.36	395.158	897.86
40.4	395.549	898.75
40.44	395.94	899.64
40.48	396.331	900.53
40.52	396.723	901.42
40.56	397.114	902.31
40.6	397.505	903.2
40.64	397.897	904.089
40.68	398.288	904.979
40.72	398.679	905.869
40.76	399.07	906.759
40.8	399.462	907.649
40.84	399.853	908.539
40.88	400.244	909.429
40.92	400.635	910.318
40.96	401.027	911.208
41	401.418	912.098
41.04	401.809	912.988
41.08	402.2	913.878
41.12	402.592	914.768
41.16	402.983	915.658
41.2	403.374	916.547
41.24	403.765	917.437
41.28	404.157	918.327
41.32	404.548	919.217
41.36	404.939	920.107
41.4	405.33	920.997
41.44	405.722	921.886
41.48	406.113	922.776
41.52	406.504	923.666
41.56	406.895	924.556
41.6	407.287	925.446
41.64	407.678	926.336
41.68	408.069	927.226
41.72	408.46	928.115
41.76	408.852	929.005
41.8	409.243	929.895
41.84	409.634	930.785
41.88	410.025	931.675
41.92	410.416	932.565
41.96	410.808	933.455
42	411.199	934.344
42.04	411.59	935.234
42.08	411.981	936.124
42.12	412.373	937.014
42.16	412.764	937.904
42.2	413.155	938.794
42.24	413.546	939.684
42.28	413.938	940.573
42.32	414.329	941.463
42.36	414.72	942.353
42.4	415.111	943.243
42.44	415.502	944.133
42.48	415.894	945.023
42.52	416.285	945.912
42.56	416.676	946.802
42.6	417.067	947.692
42.64	417.459	948.582
42.68	417.85	949.472
42.72	418.241	950.362
42.76	418.632	951.252
42.8	419.024	952.141
42.84	419.415	953.031
42.88	419.806	953.921
42.92	420.197	954.811
42.96	420.588	955.701
43	420.98	956.591
43.04	421.371	957.481
43.08	421.762	958.37
43.12	422.153	959.26
43.16	422.544	960.15
43.2	422.936	961.04
43.24	423.327	961.93
43.28	423.718	962.82
43.32	424.109	963.709
43.36	424.501	964.599
43.4	424.892	965.489
43.44	425.283	966.379
43.48	425.674	967.269
43.52	426.065	968.159
43.56	426.457	969.049
43.6	426.848	969.938
43.64	427.239	970.828
43.68	427.63	971.718
43.72	428.021	972.608
43.76	428.413	973.498
43.8	428.804	974.388
43.84	429.195	975.278
43.88	429.586	976.167
43.92	429.977	977.057
43.96	430.369	977.947
44	430.76	978.837
44.04	431.151	979.727
44.08	431.542	980.617
44.12	431.933	981.507
44.16	432.325	982.396
44.2	432.716	983.286
44.24	433.107	984.176
44.28	433.498	985.066
44.32	433.889	985.956
44.36	434.281	986.846
44.4	434.672	987.735
44.44	435.063	988.625
44.48	435.454	989.515
44.52	435.845	990.405
44.56	436.237	991.295
44.6	436.628	992.185
44.64	437.019	993.075
44.68	437.41	993.964
44.72	437.801	994.854
44.76	438.192	995.744
44.8	438.584	996.634
44.84	438.975	997.524
44.88	439.366	998.414
44.92	439.757	999.304
44.96	440.148	1000.19
45	440.54	1001.08
45.04	440.931	1001.97
45.08	441.322	1002.86
45.12	441.713	1003.75
45.16	442.104	1004.64
45.2	442.495	1005.53
45.24	442.887	1006.42
45.28	443.278	1007.31
45.32	443.669	1008.2
45.36	444.06	1009.09
45.4	444.451	1009.98
45.44	444.843	1010.87
45.48	445.234	1011.76
45.52	445.625	1012.65
45.56	446.016	1013.54
45.6	446.407	1014.43
45.64	446.798	1015.32
45.68	447.19	1016.21
45.72	447.581	1017.1
45.76	447.972	1017.99
45.8	448.363	1018.88
45.84	448.754	1019.77
45.88	449.145	1020.66
45.92	449.537	1021.55
45.96	449.928	1022.44
46	450.319	1023.33
46.04	450.71	1024.22
46.08	451.101	1025.11
46.12	451.492	1026
46.16	451.884	1026.89
46.2	452.275	1027.78
46.24	452.666	1028.67
46.28	453.057	1029.56
46.32	453.448	1030.45
46.36	453.839	1031.34
46.4	454.23	1032.23
46.44	454.622	1033.12
46.48	455.013	1034.01
46.52	455.404	1034.9
46.56	455.795	1035.79
46.6	456.186	1036.68
46.64	456.577	1037.57
46.68	456.969	1038.46
46.72	457.36	1039.35
46.76	457.751	1040.24
46.8	458.142	1041.13
46.84	458.533	1042.02
46.88	458.924	1042.91
46.92	459.315	1043.8
46.96	459.707	1044.69
47	460.098	1045.58
47.04	460.489	1046.47
47.08	460.88	1047.36
47.12	461.271	1048.25
47.16	461.662	1049.14
47.2	462.053	1050.03
47.24	462.445	1050.91
47.28	462.836	1051.8
47.32	463.227	1052.69
47.36	463.618	1053.58
47.4	464.009	1054.47
47.44	464.4	1055.36
47.48	464.791	1056.25
47.52	465.183	1057.14
47.56	465.574	1058.03
47.6	465.965	1058.92
47.64	466.356	1059.81
47.68	466.747	1060.7
47.72	467.138	1061.59
47.76	467.529	1062.48
47.8	467.92	1063.37
47.84	468.312	1064.26
47.88	468.703	1065.15
47.92	469.094	1066.04
47.96	469.485	1066.93
48	469.876	1067.82
48.04	470.267	1068.71
48.08	470.658	1069.6
48.12	471.049	1070.49
48.16	471.441	1071.38
48.2	471.832	1072.27
48.24	472.223	1073.16
48.28	472.614	1074.05
48.32	473.005	1074.94
48.36	473.396	1075.83
48.4	473.787	1076.72
48.44	474.178	1077.61
48.48	474.57	1078.5
48.52	474.961	1079.39
48.56	475.352	1080.28
48.6	475.743	1081.17
48.64	476.134	1082.06
48.68	476.525	1082.95
48.72	476.916	1083.84
48.76	477.307	1084.73
48.8	477.699	1085.62
48.84	478.09	1086.51
48.88	478.481	1087.4
48.92	478.872	1088.29
48.96	479.263	1089.18
49	479.654	1090.07
49.04	480.045	1090.96
49.08	480.436	1091.85
49.12	480.827	1092.74
49.16	481.218	1093.63
49.2	481.61	1094.52
49.24	482.001	1095.41
49.28	482.392	1096.3
49.32	482.783	1097.19
49.36	483.174	1098.08
49.4	483.565	1098.97
49.44	483.956	1099.86
49.48	484.347	1100.75
49.52	484.738	1101.64
49.56	485.13	1102.53
49.6	485.521	1103.42
49.64	485.912	1104.31
49.68	486.303	1105.2
49.72	486.694	1106.09
49.76	487.085	1106.98
49.8	487.476	1107.87
49.84	487.867	1108.76
49.88	488.258	1109.65
49.92	488.649	1110.54
49.96	489.04	1111.42
50	489.432	1112.31
50.04	489.823	1113.2
50.08	490.214	1114.09
50.12	490.605	1114.98
50.16	490.996	1115.87
50.2	491.387	1116.76
50.24	491.778	1117.65
50.28	492.169	1118.54
50.32	492.56	1119.43
50.36	492.951	1120.32
50.4	493.342	1121.21
50.44	493.733	1122.1
50.48	494.125	1122.99
50.52	494.516	1123.88
50.56	494.907	1124.77
50.6	495.298	1125.66
50.64	495.689	1126.55
50.68	496.08	1127.44
50.72	496.471	1128.33
50.76	496.862	1129.22
50.8	497.253	1130.11
50.84	497.644	1131
50.88	498.035	1131.89
50.92	498.426	1132.78
50.96	498.817	1133.67
51	499.209	1134.56
51.04	499.6	1135.45
51.08	499.991	1136.34
51.12	500.382	1137.23
51.16	500.773	1138.12
51.2	501.164	1139.01
51.24	501.555	1139.9
51.28	501.946	1140.79
51.32	502.337	1141.68
51.36	502.728	1142.57
51.4	503.119	1143.46
51.44	503.51	1144.35
51.48	503.901	1145.24
51.52	504.292	1146.13
51.56	504.684	1147.02
51.6	505.075	1147.91
51.64	505.466	1148.8
51.68	505.857	1149.69
51.72	506.248	1150.58
51.76	506.639	1151.47
51.8	507.03	1152.36
51.84	507.421	1153.25
51.88	507.812	1154.14
51.92	508.203	1155.03
51.96	508.594	1155.92
52	508.985	1156.81
52.04	509.376	1157.7
52.08	509.767	1158.59
52.12	510.158	1159.48
52.16	510.549	1160.37
52.2	510.94	1161.26
52.24	511.331	1162.15
52.28	511.723	1163.04
52.32	512.114	1163.93
52.36	512.505	1164.82
52.4	512.896	1165.71
52.44	513.287	1166.6
52.48	513.678	1167.49
52.52	514.069	1168.38
52.56	514.46	1169.27
52.6	514.851	1170.16
52.64	515.242	1171.04
52.68	515.633	1171.93
52.72	516.024	1172.82
52.76	516.415	1173.71
52.8	516.806	1174.6
52.84	517.197	1175.49
52.88	517.588	1176.38
52.92	517.979	1177.27
52.96	518.37	1178.16
53	518.761	1179.05
53.04	519.152	1179.94
53.08	519.543	1180.83
53.12	519.934	1181.72
53.16	520.325	1182.61
53.2	520.716	1183.5
53.24	521.107	1184.39
53.28	521.498	1185.28
53.32	521.89	1186.17
53.36	522.281	1187.06
53.4	522.672	1187.95
53.44	523.063	1188.84
53.48	523.454	1189.73
53.52	523.845	1190.62
53.56	524.236	1191.51
53.6	524.627	1192.4
53.64	525.018	1193.29
53.68	525.409	1194.18
53.72	525.8	1195.07
53.76	526.191	1195.96
53.8	526.582	1196.85
53.84	526.973	1197.74
53.88	527.364	1198.63
53.92	527.755	1199.52
53.96	528.146	1200.41
54	528.537	1201.3
54.04	528.928	1202.19
54.08	529.319	1203.08
54.12	529.71	1203.97
54.16	530.101	1204.86
54.2	530.492	1205.75
54.24	530.883	1206.64
54.28	531.274	1207.53
54.32	531.665	1208.42
54.36	532.056	1209.31
54.4	532.447	1210.2
54.44	532.838	1211.09
54.48	533.229	1211.98
54.52	533.62	1212.87
54.56	534.011	1213.76
54.6	534.402	1214.65
54.64	534.793	1215.54
54.68	535.184	1216.43
54.72	535.575	1217.32
54.76	535.966	1218.21
54.8	536.357	1219.1
54.84	536.748	1219.99
54.88	537.139	1220.88
54.92	537.53	1221.77
54.96	537.921	1222.66
55	538.312	1223.55
55.04	538.703	1224.44
55.08	539.094	1225.33
55.12	539.485	1226.22
55.16	539.876	1227.11
55.2	540.267	1228
55.24	540.658	1228.89
55.28	541.049	1229.78
55.32	541.44	1230.67
55.36	541.831	1231.55
55.4	542.222	1232.44
55.44	542.613	1233.33
55.48	543.004	1234.22
55.52	543.395	1235.11
55.56	543.786	1236
55.6	544.177	1236.89
55.64	544.568	1237.78
55.68	544.959	1238.67
55.72	545.35	1239.56
55.76	545.741	1240.45
55.8	546.132	1241.34
55.84	546.523	1242.23
55.88	546.914	1243.12
55.92	547.305	1244.01
55.96	547.696	1244.9
56	548.087	1245.79
56.04	548.478	1246.68
56.08	548.869	1247.57
56.12	549.26	1248.46
56.16	549.651	1249.35
56.2	550.042	1250.24
56.24	550.433	1251.13
56.28	550.824	1252.02
56.32	551.215	1252.91
56.36	551.606	1253.8
56.4	551.997	1254.69
56.44	552.388	1255.58
56.48	552.779	1256.47
56.52	553.17	1257.36
56.56	553.561	1258.25
56.6	553.952	1259.14
56.64	554.342	1260.03
56.68	554.733	1260.92
56.72	555.124	1261.81
56.76	555.515	1262.7
56.8	555.906	1263.59
56.84	556.297	1264.48
56.88	556.688	1265.37
56.92	557.079	1266.26
56.96	557.47	1267.15
57	557.861	1268.04
57.04	558.252	1268.93
57.08	558.643	1269.82
57.12	559.034	1270.71
57.16	559.425	1271.6
57.2	559.816	1272.49
57.24	560.207	1273.38
57.28	560.598	1274.27
57.32	560.989	1275.16
57.36	561.38	1276.05
57.4	561.771	1276.94
57.44	562.162	1277.83
57.48	562.553	1278.72
57.52	562.944	1279.61
57.56	563.335	1280.5
57.6	563.726	1281.39
57.64	564.117	1282.28
57.68	564.507	1283.17
57.72	564.898	1284.06
57.76	565.289	1284.95
57.8	565.68	1285.84
57.84	566.071	1286.73
57.88	566.462	1287.62
57.92	566.853	1288.51
57.96	567.244	1289.4
58	567.635	1290.29
58.04	568.026	1291.17
58.08	568.417	1292.06
58.12	568.808	1292.95
58.16	569.199	1293.84
58.2	569.59	1294.73
58.24	569.981	1295.62
58.28	570.372	1296.51
58.32	570.763	1297.4
58.36	571.154	1298.29
58.4	571.544	1299.18
58.44	571.935	1300.07
58.48	572.326	1300.96
58.52	572.717	1301.85
58.56	573.108	1302.74
58.6	573.499	1303.63
58.64	573.89	1304.52
58.68	574.281	1305.41
58.72	574.672	1306.3
58.76	575.063	1307.19
58.8	575.454	1308.08
58.84	575.845	1308.97
58.88	576.236	1309.86
58.92	576.627	1310.75
58.96	577.018	1311.64
59	577.408	1312.53
59.04	577.799	1313.42
59.08	578.19	1314.31
59.12	578.581	1315.2
59.16	578.972	1316.09
59.2	579.363	1316.98
59.24	579.754	1317.87
59.28	580.145	1318.76
59.32	580.536	1319.65
59.36	580.927	1320.54
59.4	581.318	1321.43
59.44	581.709	1322.32
59.48	582.1	1323.21
59.52	582.49	1324.1
59.56	582.881	1324.99
59.6	583.272	1325.88
59.64	583.663	1326.77
59.68	584.054	1327.66
59.72	584.445	1328.55
59.76	584.836	1329.44
59.8	585.227	1330.33
59.84	585.618	1331.22
59.88	586.009	1332.11
59.92	586.4	1333
59.96	586.79	1333.89
60	587.181	1334.78
60.04	587.572	1335.67
60.08	587.963	1336.56
60.12	588.354	1337.45
60.16	588.745	1338.34
60.2	589.136	1339.23
60.24	589.527	1340.12
60.28	589.918	1341.01
60.32	590.309	1341.9
60.36	590.7	1342.79
60.4	591.09	1343.68
60.44	591.481	1344.57
60.48	591.872	1345.46
60.52	592.263	1346.35
60.56	592.654	1347.24
60.6	593.045	1348.13
60.64	593.436	1349.02
60.68	593.827	1349.91
60.72	594.218	1350.8
60.76	594.608	1351.68
60.8	594.999	1352.57
60.84	595.39	1353.46
60.88	595.781	1354.35
60.92	596.172	1355.24
60.96	596.563	1356.13
61	596.954	1357.02
61.04	597.345	1357.91
61.08	597.736	1358.8
61.12	598.127	1359.69
61.16	598.517	1360.58
61.2	598.908	1361.47
61.24	599.299	1362.36
61.28	599.69	1363.25
61.32	600.081	1364.14
61.36	600.472	1365.03
61.4	600.863	1365.92
61.44	601.254	1366.81
61.48	601.644	1367.7
61.52	602.035	1368.59
61.56	602.426	1369.48
61.6	602.817	1370.37
61.64	603.208	1371.26
61.68	603.599	1372.15
61.72	603.99	1373.04
61.76	604.381	1373.93
61.8	604.772	1374.82
61.84	605.162	1375.71
61.88	605.553	1376.6
61.92	605.944	1377.49
61.96	606.335	1378.38
62	606.726	1379.27
62.04	607.117	1380.16
62.08	607.508	1381.05
62.12	607.898	1381.94
62.16	608.289	1382.83
62.2	608.68	1383.72
62.24	609.071	1384.61
62.28	609.462	1385.5
62.32	609.853	1386.39
62.36	610.244	1387.28
62.4	610.635	1388.17
62.44	611.025	1389.06
62.48	611.416	1389.95
62.52	611.807	1390.84
62.56	612.198	1391.73
62.6	612.589	1392.62
62.64	612.98	1393.51
62.68	613.371	1394.4
62.72	613.761	1395.29
62.76	614.152	1396.18
62.8	614.543	1397.07
62.84	614.934	1397.96
62.88	615.325	1398.85
62.92	615.716	1399.74
62.96	616.107	1400.63
63	616.497	1401.52
63.04	616.888	1402.41
63.08	617.279	1403.3
63.12	617.67	1404.19
63.16	618.061	1405.08
63.2	618.452	1405.97
63.24	618.843	1406.86
63.28	619.233	1407.75
63.32	619.624	1408.64
63.36	620.015	1409.53
63.4	620.406	1410.42
63.44	620.797	1411.3
63.48	621.188	1412.19
63.52	621.578	1413.08
63.56	621.969	1413.97
63.6	622.36	1414.86
63.64	622.751	1415.75
63.68	623.142	1416.64
63.72	623.533	1417.53
63.76	623.924	1418.42
63.8	624.314	1419.31
63.84	624.705	1420.2
63.88	625.096	1421.09
63.92	625.487	1421.98
63.96	625.878	1422.87
64	626.269	1423.76
64.04	626.659	1424.65
64.08	627.05	1425.54
64.12	627.441	1426.43
64.16	627.832	1427.32
64.2	628.223	1428.21
64.24	628.614	1429.1
64.28	629.004	1429.99
64.32	629.395	1430.88
64.36	629.786	1431.77
64.4	630.177	1432.66
64.44	630.568	1433.55
64.48	630.959	1434.44
64.52	631.349	1435.33
64.56	631.74	1436.22
64.6	632.131	1437.11
64.64	632.522	1438
64.68	632.913	1438.89
64.72	633.304	1439.78
64.76	633.694	1440.67
64.8	634.085	1441.56
64.84	634.476	1442.45
64.88	634.867	1443.34
64.92	635.258	1444.23
64.96	635.648	1445.12
65	636.039	1446.01
65.04	636.43	1446.9
65.08	636.821	1447.79
65.12	637.212	1448.68
65.16	637.603	1449.57
65.2	637.993	1450.46
65.24	638.384	1451.35
65.28	638.775	1452.24
65.32	639.166	1453.13
65.36	639.557	1454.02
65.4	639.947	1454.91
65.44	640.338	1455.8
65.48	640.729	1456.69
65.52	641.12	1457.58
65.56	641.511	1458.47
65.6	641.901	1459.36
65.64	642.292	1460.25
65.68	642.683	1461.14
65.72	643.074	1462.03
65.76	643.465	1462.92
65.8	643.855	1463.81
65.84	644.246	1464.7
65.88	644.637	1465.59
65.92	645.028	1466.48
65.96	645.419	1467.37
66	645.809	1468.26
66.04	646.2	1469.15
66.08	646.591	1470.04
66.12	646.982	1470.93
66.16	647.373	1471.81
66.2	647.763	1472.7
66.24	648.154	1473.59
66.28	648.545	1474.48
66.32	648.936	1475.37
66.36	649.327	1476.26
66.4	649.717	1477.15
66.44	650.108	1478.04
66.48	650.499	1478.93
66.52	650.89	1479.82
66.56	651.281	1480.71
66.6	651.671	1481.6
66.64	652.062	1482.49
66.68	652.453	1483.38
66.72	652.844	1484.27
66.76	653.235	1485.16
66.8	653.625	1486.05
66.84	654.016	1486.94
66.88	654.407	1487.83
66.92	654.798	1488.72
66.96	655.188	1489.61
67	655.579	1490.5
67.04	655.97	1491.39
67.08	656.361	1492.28
67.12	656.752	1493.17
67.16	657.142	1494.06
67.2	657.533	1494.95
67.24	657.924	1495.84
67.28	658.315	1496.73
67.32	658.705	1497.62
67.36	659.096	1498.51
67.4	659.487	1499.4
67.44	659.878	1500.29
67.48	660.269	1501.18
67.52	660.659	1502.07
67.56	661.05	1502.96
67.6	661.441	1503.85
67.64	661.832	1504.74
67.68	662.222	1505.63
67.72	662.613	1506.52
67.76	663.004	1507.41
67.8	663.395	1508.3
67.84	663.785	1509.19
67.88	664.176	1510.08
67.92	664.567	1510.97
67.96	664.958	1511.86
68	665.349	1512.75
68.04	665.739	1513.64
68.08	666.13	1514.53
68.12	666.521	1515.42
68.16	666.912	1516.31
68.2	667.302	1517.2
68.24	667.693	1518.09
68.28	668.084	1518.98
68.32	668.475	1519.87
68.36	668.865	1520.76
68.4	669.256	1521.65
68.44	669.647	1522.54
68.48	670.038	1523.43
68.52	670.428	1524.32
68.56	670.819	1525.21
68.6	671.21	1526.1
68.64	671.601	1526.99
68.68	671.991	1527.88
68.72	672.382	1528.77
68.76	672.773	1529.66
68.8	673.164	1530.55
68.84	673.554	1531.43
68.88	673.945	1532.32
68.92	674.336	1533.21
68.96	674.727	1534.1
69	675.117	1534.99
69.04	675.508	1535.88
69.08	675.899	1536.77
69.12	676.29	1537.66
69.16	676.68	1538.55
69.2	677.071	1539.44
69.24	677.462	1540.33
69.28	677.853	1541.22
69.32	678.243	1542.11
69.36	678.634	1543
69.4	679.025	1543.89
69.44	679.416	1544.78
69.48	679.806	1545.67
69.52	680.197	1546.56
69.56	680.588	1547.45
69.6	680.978	1548.34
69.64	681.369	1549.23
69.68	681.76	1550.12
69.72	682.151	1551.01
69.76	682.541	1551.9
69.8	682.932	1552.79
69.84	683.323	1553.68
69.88	683.714	1554.57
69.92	684.104	1555.46
69.96	684.495	1556.35
70	684.886	1557.24
70.04	685.276	1558.13
70.08	685.667	1559.02
70.12	686.058	1559.91
70.16	686.449	1560.8
70.2	686.839	1561.69
70.24	687.23	1562.58
70.28	687.621	1563.47
70.32	688.012	1564.36
70.36	688.402	1565.25
70.4	688.793	1566.14
70.44	689.184	1567.03
70.48	689.574	1567.92
70.52	689.965	1568.81
70.56	690.356	1569.7
70.6	690.747	1570.59
70.64	691.137	1571.48
70.68	691.528	1572.37
70.72	691.919	1573.26
70.76	692.309	1574.15
70.8	692.7	1575.04
70.84	693.091	1575.93
70.88	693.482	1576.82
70.92	693.872	1577.71
70.96	694.263	1578.6
71	694.654	1579.49
71.04	695.044	1580.38
71.08	695.435	1581.27
71.12	695.826	1582.16
71.16	696.217	1583.05
71.2	696.607	1583.94
71.24	696.998	1584.83
71.28	697.389	1585.72
71.32	697.779	1586.61
71.36	698.17	1587.5
71.4	698.561	1588.39
71.44	698.951	1589.28
71.48	699.342	1590.17
71.52	699.733	1591.06
71.56	700.124	1591.94
71.6	700.514	1592.83
71.64	700.905	1593.72
71.68	701.296	1594.61
71.72	701.686	1595.5
71.76	702.077	1596.39
71.8	702.468	1597.28
71.84	702.858	1598.17
71.88	703.249	1599.06
71.92	703.64	1599.95
71.96	704.03	1600.84
72	704.421	1601.73
72.04	704.812	1602.62
72.08	705.203	1603.51
72.12	705.593	1604.4
72.16	705.984	1605.29
72.2	706.375	1606.18
72.24	706.765	1607.07
72.28	707.156	1607.96
72.32	707.547	1608.85
72.36	707.937	1609.74
72.4	708.328	1610.63
72.44	708.719	1611.52
72.48	709.109	1612.41
72.52	709.5	1613.3
72.56	709.891	1614.19
72.6	710.281	1615.08
72.64	710.672	1615.97
72.68	711.063	1616.86
72.72	711.453	1617.75
72.76	711.844	1618.64
72.8	712.235	1619.53
72.84	712.626	1620.42
72.88	713.016	1621.31
72.92	713.407	1622.2
72.96	713.798	1623.09
73	714.188	1623.98
73.04	714.579	1624.87
73.08	714.97	1625.76
73.12	715.36	1626.65
73.16	715.751	1627.54
73.2	716.142	1628.43
73.24	716.532	1629.32
73.28	716.923	1630.21
73.32	717.314	1631.1
73.36	717.704	1631.99
73.4	718.095	1632.88
73.44	718.486	1633.77
73.48	718.876	1634.66
73.52	719.267	1635.55
73.56	719.658	1636.44
73.6	720.048	1637.33
73.64	720.439	1638.22
73.68	720.83	1639.11
73.72	721.22	1640
73.76	721.611	1640.89
73.8	722.002	1641.78
73.84	722.392	1642.67
73.88	722.783	1643.56
73.92	723.173	1644.45
73.96	723.564	1645.34
74	723.955	1646.23
74.04	724.345	1647.12
74.08	724.736	1648.01
74.12	725.127	1648.9
74.16	725.517	1649.79
74.2	725.908	1650.68
74.24	726.299	1651.56
74.28	726.689	1652.45
74.32	727.08	1653.34
74.36	727.471	1654.23
74.4	727.861	1655.12
74.44	728.252	1656.01
74.48	728.643	1656.9
74.52	729.033	1657.79
74.56	729.424	1658.68
74.6	729.815	1659.57
74.64	730.205	1660.46
74.68	730.596	1661.35
74.72	730.986	1662.24
74.76	731.377	1663.13
74.8	731.768	1664.02
74.84	732.158	1664.91
74.88	732.549	1665.8
74.92	732.94	1666.69
74.96	733.33	1667.58
75	733.721	1668.47
75.04	734.112	1669.36
75.08	734.502	1670.25
75.12	734.893	1671.14
75.16	735.283	1672.03
75.2	735.674	1672.92
75.24	736.065	1673.81
75.28	736.455	1674.7
75.32	736.846	1675.59
75.36	737.237	1676.48
75.4	737.627	1677.37
75.44	738.018	1678.26
75.48	738.408	1679.15
75.52	738.799	1680.04
75.56	739.19	1680.93
75.6	739.58	1681.82
75.64	739.971	1682.71
75.68	740.362	1683.6
75.72	740.752	1684.49
75.76	741.143	1685.38
75.8	741.533	1686.27
75.84	741.924	1687.16
75.88	742.315	1688.05
75.92	742.705	1688.94
75.96	743.096	1689.83
76	743.487	1690.72
76.04	743.877	1691.61
76.08	744.268	1692.5
76.12	744.658	1693.39
76.16	745.049	1694.28
76.2	745.44	1695.17
76.24	745.83	1696.06
76.28	746.221	1696.95
76.32	746.612	1697.84
76.36	747.002	1698.73
76.4	747.393	1699.62
76.44	747.783	1700.51
76.48	748.174	1701.4
76.52	748.565	1702.29
76.56	748.955	1703.18
76.6	749.346	1704.07
76.64	749.736	1704.96
76.68	750.127	1705.85
76.72	750.518	1706.74
76.76	750.908	1707.63
76.8	751.299	1708.52
76.84	751.689	1709.41
76.88	752.08	1710.3
76.92	752.471	1711.19
76.96	752.861	1712.07
77	753.252	1712.96
77.04	753.642	1713.85
77.08	754.033	1714.74
77.12	754.424	1715.63
77.16	754.814	1716.52
77.2	755.205	1717.41
77.24	755.595	1718.3
77.28	755.986	1719.19
77.32	756.377	1720.08
77.36	756.767	1720.97
77.4	757.158	1721.86
77.44	757.548	1722.75
77.48	757.939	1723.64
77.52	758.33	1724.53
77.56	758.72	1725.42
77.6	759.111	1726.31
77.64	759.501	1727.2
77.68	759.892	1728.09
77.72	760.282	1728.98
77.76	760.673	1729.87
77.8	761.064	1730.76
77.84	761.454	1731.65
77.88	761.845	1732.54
77.92	762.235	1733.43
77.96	762.626	1734.32
78	763.017	1735.21
78.04	763.407	1736.1
78.08	763.798	1736.99
78.12	764.188	1737.88
78.16	764.579	1738.77
78.2	764.969	1739.66
78.24	765.36	1740.55
78.28	765.751	1741.44
78.32	766.141	1742.33
78.36	766.532	1743.22
78.4	766.922	1744.11
78.44	767.313	1745
78.48	767.703	1745.89
78.52	768.094	1746.78
78.56	768.485	1747.67
78.6	768.875	1748.56
78.64	769.266	1749.45
78.68	769.656	1750.34
78.72	770.047	1751.23
78.76	770.437	1752.12
78.8	770.828	1753.01
78.84	771.219	1753.9
78.88	771.609	1754.79
78.92	772	1755.68
78.96	772.39	1756.57
79	772.781	1757.46
79.04	773.171	1758.35
79.08	773.562	1759.24
79.12	773.953	1760.13
79.16	774.343	1761.02
79.2	774.734	1761.91
79.24	775.124	1762.8
79.28	775.515	1763.69
79.32	775.905	1764.58
79.36	776.296	1765.47
79.4	776.686	1766.36
79.44	777.077	1767.25
79.48	777.468	1768.14
79.52	777.858	1769.03
79.56	778.249	1769.92
79.6	778.639	1770.81
79.64	779.03	1771.69
79.68	779.42	1772.58
79.72	779.811	1773.47
79.76	780.201	1774.36
79.8	780.592	1775.25
79.84	780.983	1776.14
79.88	781.373	1777.03
79.92	781.764	1777.92
79.96	782.154	1778.81
80	782.545	1779.7
80.04	782.935	1780.59
80.08	783.326	1781.48
80.12	783.716	1782.37
80.16	784.107	1783.26
80.2	784.497	1784.15
80.24	784.888	1785.04
80.28	785.279	1785.93
80.32	785.669	1786.82
80.36	786.06	1787.71
80.4	786.45	1788.6
80.44	786.841	1789.49
80.48	787.231	1790.38
80.52	787.622	1791.27
80.56	788.012	1792.16
80.6	788.403	1793.05
80.64	788.793	1793.94
80.68	789.184	1794.83
80.72	789.574	1795.72
80.76	789.965	1796.61
80.8	790.355	1797.5
80.84	790.746	1798.39
80.88	791.137	1799.28
80.92	791.527	1800.17
80.96	791.918	1801.06
81	792.308	1801.95
81.04	792.699	1802.84
81.08	793.089	1803.73
81.12	793.48	1804.62
81.16	793.87	1805.51
81.2	794.261	1806.4
81.24	794.651	1807.29
81.28	795.042	1808.18
81.32	795.432	1809.07
81.36	795.823	1809.96
81.4	796.213	1810.85
81.44	796.604	1811.74
81.48	796.994	1812.63
81.52	797.385	1813.52
81.56	797.775	1814.41
81.6	798.166	1815.3
81.64	798.556	1816.19
81.68	798.947	1817.08
81.72	799.337	1817.97
81.76	799.728	1818.86
81.8	800.119	1819.75
81.84	800.509	1820.64
81.88	800.9	1821.53
81.92	801.29	1822.42
81.96	801.681	1823.31
82	802.071	1824.2
82.04	802.462	1825.09
82.08	802.852	1825.98
82.12	803.243	1826.87
82.16	803.633	1827.76
82.2	804.024	1828.65
82.24	804.414	1829.54
82.28	804.805	1830.43
82.32	805.195	1831.32
82.36	805.586	1832.2
82.4	805.976	1833.09
82.44	806.367	1833.98
82.48	806.757	1834.87
82.52	807.148	1835.76
82.56	807.538	1836.65
82.6	807.929	1837.54
82.64	808.319	1838.43
82.68	808.71	1839.32
82.72	809.1	1840.21
82.76	809.491	1841.1
82.8	809.881	1841.99
82.84	810.272	1842.88
82.88	810.662	1843.77
82.92	811.053	1844.66
82.96	811.443	1845.55
83	811.834	1846.44
83.04	812.224	1847.33
83.08	812.615	1848.22
83.12	813.005	1849.11
83.16	813.396	1850
83.2	813.786	1850.89
83.24	814.176	1851.78
83.28	814.567	1852.67
83.32	814.957	1853.56
83.36	815.348	1854.45
83.4	815.738	1855.34
83.44	816.129	1856.23
83.48	816.519	1857.12
83.52	816.91	1858.01
83.56	817.3	1858.9
83.6	817.691	1859.79
83.64	818.081	1860.68
83.68	818.472	1861.57
83.72	818.862	1862.46
83.76	819.253	1863.35
83.8	819.643	1864.24
83.84	820.034	1865.13
83.88	820.424	1866.02
83.92	820.815	1866.91
83.96	821.205	1867.8
84	821.596	1868.69
84.04	821.986	1869.58
84.08	822.377	1870.47
84.12	822.767	1871.36
84.16	823.157	1872.25
84.2	823.548	1873.14
84.24	823.938	1874.03
84.28	824.329	1874.92
84.32	824.719	1875.81
84.36	825.11	1876.7
84.4	825.5	1877.59
84.44	825.891	1878.48
84.48	826.281	1879.37
84.52	826.672	1880.26
84.56	827.062	1881.15
84.6	827.453	1882.04
84.64	827.843	1882.93
84.68	828.234	1883.82
84.72	828.624	1884.71
84.76	829.014	1885.6
84.8	829.405	1886.49
84.84	829.795	1887.38
84.88	830.186	1888.27
84.92	830.576	1889.16
84.96	830.967	1890.05
85	831.357	1890.94
85.04	831.748	1891.82
85.08	832.138	1892.71
85.12	832.529	1893.6
85.16	832.919	1894.49
85.2	833.309	1895.38
85.24	833.7	1896.27
85.28	834.09	1897.16
85.32	834.481	1898.05
85.36	834.871	1898.94
85.4	835.262	1899.83
85.44	835.652	1900.72
85.48	836.043	1901.61
85.52	836.433	1902.5
85.56	836.823	1903.39
85.6	837.214	1904.28
85.64	837.604	1905.17
85.68	837.995	1906.06
85.72	838.385	1906.95
85.76	838.776	1907.84
85.8	839.166	1908.73
85.84	839.557	1909.62
85.88	839.947	1910.51
85.92	840.337	1911.4
85.96	840.728	1912.29
86	841.118	1913.18
86.04	841.509	1914.07
86.08	841.899	1914.96
86.12	842.29	1915.85
86.16	842.68	1916.74
86.2	843.07	1917.63
86.24	843.461	1918.52
86.28	843.851	1919.41
86.32	844.242	1920.3
86.36	844.632	1921.19
86.4	845.023	1922.08
86.44	845.413	1922.97
86.48	845.803	1923.86
86.52	846.194	1924.75
86.56	846.584	1925.64
86.6	846.975	1926.53
86.64	847.365	1927.42
86.68	847.756	1928.31
86.72	848.146	1929.2
86.76	848.536	1930.09
86.8	848.927	1930.98
86.84	849.317	1931.87
86.88	849.708	1932.76
86.92	850.098	1933.65
86.96	850.489	1934.54
87	850.879	1935.43
87.04	851.269	1936.32
87.08	851.66	1937.21
87.12	852.05	1938.1
87.16	852.441	1938.99
87.2	852.831	1939.88
87.24	853.221	1940.77
87.28	853.612	1941.66
87.32	854.002	1942.55
87.36	854.393	1943.44
87.4	854.783	1944.33
87.44	855.174	1945.22
87.48	855.564	1946.11
87.52	855.954	1947
87.56	856.345	1947.89
87.6	856.735	1948.78
87.64	857.126	1949.67
87.68	857.516	1950.56
87.72	857.906	1951.44
87.76	858.297	1952.33
87.8	858.687	1953.22
87.84	859.078	1954.11
87.88	859.468	1955
87.92	859.858	1955.89
87.96	860.249	1956.78
88	860.639	1957.67
88.04	861.03	1958.56
88.08	861.42	1959.45
88.12	861.81	1960.34
88.16	862.201	1961.23
88.2	862.591	1962.12
88.24	862.982	1963.01
88.28	863.372	1963.9
88.32	863.762	1964.79
88.36	864.153	1965.68
88.4	864.543	1966.57
88.44	864.934	1967.46
88.48	865.324	1968.35
88.52	865.714	1969.24
88.56	866.105	1970.13
88.6	866.495	1971.02
88.64	866.886	1971.91
88.68	867.276	1972.8
88.72	867.666	1973.69
88.76	868.057	1974.58
88.8	868.447	1975.47
88.84	868.837	1976.36
88.88	869.228	1977.25
88.92	869.618	1978.14
88.96	870.009	1979.03
89	870.399	1979.92
89.04	870.789	1980.81
89.08	871.18	1981.7
89.12	871.57	1982.59
89.16	871.96	1983.48
89.2	872.351	1984.37
89.24	872.741	1985.26
89.28	873.132	1986.15
89.32	873.522	1987.04
89.36	873.912	1987.93
89.4	874.303	1988.82
89.44	874.693	1989.71
89.48	875.084	1990.6
89.52	875.474	1991.49
89.56	875.864	1992.38
89.6	876.255	1993.27
89.64	876.645	1994.16
89.68	877.035	1995.05
89.72	877.426	1995.94
89.76	877.816	1996.83
89.8	878.206	1997.72
89.84	878.597	1998.61
89.88	878.987	1999.5
89.92	879.378	2000.39
89.96	879.768	2001.28
90	880.158	2002.17
90.04	880.549	2003.06
90.08	880.939	2003.95
90.12	881.329	2004.84
90.16	881.72	2005.73
90.2	882.11	2006.62
90.24	882.5	2007.51
90.28	882.891	2008.4
90.32	883.281	2009.29
90.36	883.672	2010.18
90.4	884.062	2011.07
90.44	884.452	2011.95
90.48	884.843	2012.84
90.52	885.233	2013.73
90.56	885.623	2014.62
90.6	886.014	2015.51
90.64	886.404	2016.4
90.68	886.794	2017.29
90.72	887.185	2018.18
90.76	887.575	2019.07
90.8	887.965	2019.96
90.84	888.356	2020.85
90.88	888.746	2021.74
90.92	889.136	2022.63
90.96	889.527	2023.52
91	889.917	2024.41
91.04	890.307	2025.3
91.08	890.698	2026.19
91.12	891.088	2027.08
91.16	891.479	2027.97
91.2	891.869	2028.86
91.24	892.259	2029.75
91.28	892.65	2030.64
91.32	893.04	2031.53
91.36	893.43	2032.42
91.4	893.821	2033.31
91.44	894.211	2034.2
91.48	894.601	2035.09
91.52	894.992	2035.98
91.56	895.382	2036.87
91.6	895.772	2037.76
91.64	896.163	2038.65
91.68	896.553	2039.54
91.72	896.943	2040.43
91.76	897.334	2041.32
91.8	897.724	2042.21
91.84	898.114	2043.1
91.88	898.505	2043.99
91.92	898.895	2044.88
91.96	899.285	2045.77
92	899.676	2046.66
92.04	900.066	2047.55
92.08	900.456	2048.44
92.12	900.847	2049.33
92.16	901.237	2050.22
92.2	901.627	2051.11
92.24	902.018	2052
92.28	902.408	2052.89
92.32	902.798	2053.78
92.36	903.188	2054.67
92.4	903.579	2055.56
92.44	903.969	2056.45
92.48	904.359	2057.34
92.52	904.75	2058.23
92.56	905.14	2059.12
92.6	905.53	2060.01
92.64	905.921	2060.9
92.68	906.311	2061.79
92.72	906.701	2062.68
92.76	907.092	2063.57
92.8	907.482	2064.46
92.84	907.872	2065.35
92.88	908.263	2066.24
92.92	908.653	2067.13
92.96	909.043	2068.02
93	909.434	2068.91
93.04	909.824	2069.8
93.08	910.214	2070.69
93.12	910.604	2071.57
93.16	910.995	2072.46
93.2	911.385	2073.35
93.24	911.775	2074.24
93.28	912.166	2075.13
93.32	912.556	2076.02
93.36	912.946	2076.91
93.4	913.337	2077.8
93.44	913.727	2078.69
93.48	914.117	2079.58
93.52	914.507	2080.47
93.56	914.898	2081.36
93.6	915.288	2082.25
93.64	915.678	2083.14
93.68	916.069	2084.03
93.72	916.459	2084.92
93.76	916.849	2085.81
93.8	917.24	2086.7
93.84	917.63	2087.59
93.88	918.02	2088.48
93.92	918.41	2089.37
93.96	918.801	2090.26
94	919.191	2091.15
94.04	919.581	2092.04
94.08	919.972	2092.93
94.12	920.362	2093.82
94.16	920.752	2094.71
94.2	921.142	2095.6
94.24	921.533	2096.49
94.28	921.923	2097.38
94.32	922.313	2098.27
94.36	922.704	2099.16
94.4	923.094	2100.05
94.44	923.484	2100.94
94.48	923.874	2101.83
94.52	924.265	2102.72
94.56	924.655	2103.61
94.6	925.045	2104.5
94.64	925.436	2105.39
94.68	925.826	2106.28
94.72	926.216	2107.17
94.76	926.606	2108.06
94.8	926.997	2108.95
94.84	927.387	2109.84
94.88	927.777	2110.73
94.92	928.168	2111.62
94.96	928.558	2112.51
95	928.948	2113.4
95.04	929.338	2114.29
95.08	929.729	2115.18
95.12	930.119	2116.07
95.16	930.509	2116.96
95.2	930.899	2117.85
95.24	931.29	2118.74
95.28	931.68	2119.63
95.32	932.07	2120.52
95.36	932.46	2121.41
95.4	932.851	2122.3
95.44	933.241	2123.19
95.48	933.631	2124.08
95.52	934.022	2124.97
95.56	934.412	2125.86
95.6	934.802	2126.75
95.64	935.192	2127.64
95.68	935.583	2128.53
95.72	935.973	2129.42
95.76	936.363	2130.31
95.8	936.753	2131.2
95.84	937.144	2132.08
95.88	937.534	2132.97
95.92	937.924	2133.86
95.96	938.314	2134.75
96	938.705	2135.64
96.04	939.095	2136.53
96.08	939.485	2137.42
96.12	939.875	2138.31
96.16	940.266	2139.2
96.2	940.656	2140.09
96.24	941.046	2140.98
96.28	941.436	2141.87
96.32	941.827	2142.76
96.36	942.217	2143.65
96.4	942.607	2144.54
96.44	942.997	2145.43
96.48	943.388	2146.32
96.52	943.778	2147.21
96.56	944.168	2148.1
96.6	944.558	2148.99
96.64	944.949	2149.88
96.68	945.339	2150.77
96.72	945.729	2151.66
96.76	946.119	2152.55
96.8	946.51	2153.44
96.84	946.9	2154.33
96.88	947.29	2155.22
96.92	947.68	2156.11
96.96	948.071	2157
97	948.461	2157.89
97.04	948.851	2158.78
97.08	949.241	2159.67
97.12	949.631	2160.56
97.16	950.022	2161.45
97.2	950.412	2162.34
97.24	950.802	2163.23
97.28	951.192	2164.12
97.32	951.583	2165.01
97.36	951.973	2165.9
97.4	952.363	2166.79
97.44	952.753	2167.68
97.48	953.144	2168.57
97.52	953.534	2169.46
97.56	953.924	2170.35
97.6	954.314	2171.24
97.64	954.704	2172.13
97.68	955.095	2173.02
97.72	955.485	2173.91
97.76	955.875	2174.8
97.8	956.265	2175.69
97.84	956.656	2176.58
97.88	957.046	2177.47
97.92	957.436	2178.36
97.96	957.826	2179.25
98	958.216	2180.14
98.04	958.607	2181.03
98.08	958.997	2181.92
98.12	959.387	2182.81
98.16	959.777	2183.7
98.2	960.168	2184.59
98.24	960.558	2185.48
98.28	960.948	2186.37
98.32	961.338	2187.26
98.36	961.728	2188.15
98.4	962.119	2189.04
98.44	962.509	2189.93
98.48	962.899	2190.82
98.52	963.289	2191.7
98.56	963.679	2192.59
98.6	964.07	2193.48
98.64	964.46	2194.37
98.68	964.85	2195.26
98.72	965.24	2196.15
98.76	965.63	2197.04
98.8	966.021	2197.93
98.84	966.411	2198.82
98.88	966.801	2199.71
98.92	967.191	2200.6
98.96	967.581	2201.49
99	967.972	2202.38
99.04	968.362	2203.27
99.08	968.752	2204.16
99.12	969.142	2205.05
99.16	969.532	2205.94
99.2	969.923	2206.83
99.24	970.313	2207.72
99.28	970.703	2208.61
99.32	971.093	2209.5
99.36	971.483	2210.39
99.4	971.874	2211.28
99.44	972.264	2212.17
99.48	972.654	2213.06
99.52	973.044	2213.95
99.56	973.434	2214.84
99.6	973.825	2215.73
99.64	974.215	2216.62
99.68	974.605	2217.51
99.72	974.995	2218.4
99.76	975.385	2219.29
99.8	975.776	2220.18
99.84	976.166	2221.07
99.88	976.556	2221.96
99.92	976.946	2222.85
99.96	977.336	2223.74
100	977.726	2224.63
100.04	978.117	2225.52
100.08	978.507	2226.41
100.12	978.897	2227.3
100.16	979.287	2228.19
100.2	979.677	2229.08
100.24	980.068	2229.97
100.28	980.458	2230.86
100.32	980.848	2231.75
100.36	981.238	2232.64
100.4	981.628	2233.53
100.44	982.018	2234.42
100.48	982.409	2235.31
100.52	982.799	2236.2
100.56	983.189	2237.09
100.6	983.579	2237.98
100.64	983.969	2238.87
100.68	984.359	2239.76
100.72	984.75	2240.65
100.76	985.14	2241.54
100.8	985.53	2242.43
100.84	985.92	2243.32
100.88	986.31	2244.21
100.92	986.7	2245.1
100.96	987.091	2245.99
101	987.481	2246.88
101.04	987.871	2247.77
101.08	988.261	2248.66
101.12	988.651	2249.55
101.16	989.041	2250.44
101.2	989.432	2251.33
101.24	989.822	2252.21
101.28	990.212	2253.1
101.32	990.602	2253.99
101.36	990.992	2254.88
101.4	991.382	2255.77
101.44	991.773	2256.66
101.48	992.163	2257.55
101.52	992.553	2258.44
101.56	992.943	2259.33
101.6	993.333	2260.22
101.64	993.723	2261.11
101.68	994.113	2262
101.72	994.504	2262.89
101.76	994.894	2263.78
101.8	995.284	2264.67
101.84	995.674	2265.56
101.88	996.064	2266.45
101.92	996.454	2267.34
101.96	996.845	2268.23
102	997.235	2269.12
102.04	997.625	2270.01
102.08	998.015	2270.9
102.12	998.405	2271.79
102.16	998.795	2272.68
102.2	999.185	2273.57
102.24	999.576	2274.46
102.28	999.966	2275.35
102.32	1000.36	2276.24
102.36	1000.75	2277.13
102.4	1001.14	2278.02
102.44	1001.53	2278.91
102.48	1001.92	2279.8
102.52	1002.31	2280.69
102.56	1002.7	2281.58
102.6	1003.09	2282.47
102.64	1003.48	2283.36
102.68	1003.87	2284.25
102.72	1004.26	2285.14
102.76	1004.65	2286.03
102.8	1005.04	2286.92
102.84	1005.43	2287.81
102.88	1005.82	2288.7
102.92	1006.21	2289.59
102.96	1006.6	2290.48
103	1006.99	2291.37
103.04	1007.38	2292.26
103.08	1007.77	2293.15
103.12	1008.16	2294.04
103.16	1008.55	2294.93
103.2	1008.94	2295.82
103.24	1009.33	2296.71
103.28	1009.72	2297.6
103.32	1010.11	2298.49
103.36	1010.5	2299.38
103.4	1010.89	2300.27
103.44	1011.28	2301.16
103.48	1011.67	2302.05
103.52	1012.06	2302.94
103.56	1012.45	2303.83
103.6	1012.84	2304.72
103.64	1013.23	2305.61
103.68	1013.62	2306.5
103.72	1014.01	2307.39
103.76	1014.4	2308.28
103.8	1014.79	2309.17
103.84	1015.18	2310.06
103.88	1015.57	2310.95
103.92	1015.96	2311.83
103.96	1016.35	2312.72
104	1016.74	2313.61
104.04	1017.13	2314.5
104.08	1017.52	2315.39
104.12	1017.91	2316.28
104.16	1018.3	2317.17
104.2	1018.69	2318.06
104.24	1019.08	2318.95
104.28	1019.47	2319.84
104.32	1019.86	2320.73
104.36	1020.25	2321.62
104.4	1020.64	2322.51
104.44	1021.03	2323.4
104.48	1021.42	2324.29
104.52	1021.81	2325.18
104.56	1022.2	2326.07
104.6	1022.59	2326.96
104.64	1022.98	2327.85
104.68	1023.37	2328.74
104.72	1023.76	2329.63
104.76	1024.15	2330.52
104.8	1024.54	2331.41
104.84	1024.93	2332.3
104.88	1025.32	2333.19
104.92	1025.71	2334.08
104.96	1026.1	2334.97
105	1026.49	2335.86
105.04	1026.88	2336.75
105.08	1027.27	2337.64
105.12	1027.66	2338.53
105.16	1028.05	2339.42
105.2	1028.44	2340.31
105.24	1028.83	2341.2
105.28	1029.22	2342.09
105.32	1029.61	2342.98
105.36	1030	2343.87
105.4	1030.39	2344.76
105.44	1030.78	2345.65
105.48	1031.17	2346.54
105.52	1031.56	2347.43
105.56	1031.95	2348.32
105.6	1032.34	2349.21
105.64	1032.73	2350.1
105.68	1033.13	2350.99
105.72	1033.52	2351.88
105.76	1033.91	2352.77
105.8	1034.3	2353.66
105.84	1034.69	2354.55
105.88	1035.08	2355.44
105.92	1035.47	2356.33
105.96	1035.86	2357.22
106	1036.25	2358.11
106.04	1036.64	2359
106.08	1037.03	2359.89
106.12	1037.42	2360.78
106.16	1037.81	2361.67
106.2	1038.2	2362.56
106.24	1038.59	2363.45
106.28	1038.98	2364.34
106.32	1039.37	2365.23
106.36	1039.76	2366.12
106.4	1040.15	2367.01
106.44	1040.54	2367.9
106.48	1040.93	2368.79
106.52	1041.32	2369.68
106.56	1041.71	2370.57
106.6	1042.1	2371.46
106.64	1042.49	2372.34
106.68	1042.88	2373.23
106.72	1043.27	2374.12
106.76	1043.66	2375.01
106.8	1044.05	2375.9
106.84	1044.44	2376.79
106.88	1044.83	2377.68
106.92	1045.22	2378.57
106.96	1045.61	2379.46
107	1046	2380.35
107.04	1046.39	2381.24
107.08	1046.78	2382.13
107.12	1047.17	2383.02
107.16	1047.56	2383.91
107.2	1047.95	2384.8
107.24	1048.34	2385.69
107.28	1048.73	2386.58
107.32	1049.12	2387.47
107.36	1049.51	2388.36
107.4	1049.9	2389.25
107.44	1050.29	2390.14
107.48	1050.68	2391.03
107.52	1051.07	2391.92
107.56	1051.46	2392.81
107.6	1051.85	2393.7
107.64	1052.24	2394.59
107.68	1052.63	2395.48
107.72	1053.02	2396.37
107.76	1053.41	2397.26
107.8	1053.8	2398.15
107.84	1054.19	2399.04
107.88	1054.58	2399.93
107.92	1054.97	2400.82
107.96	1055.36	2401.71
108	1055.75	2402.6
108.04	1056.14	2403.49
108.08	1056.53	2404.38
108.12	1056.92	2405.27
108.16	1057.31	2406.16
108.2	1057.7	2407.05
108.24	1058.09	2407.94
108.28	1058.48	2408.83
108.32	1058.87	2409.72
108.36	1059.26	2410.61
108.4	1059.65	2411.5
108.44	1060.04	2412.39
108.48	1060.43	2413.28
108.52	1060.82	2414.17
108.56	1061.21	2415.06
108.6	1061.6	2415.95
108.64	1061.99	2416.84
108.68	1062.38	2417.73
108.72	1062.77	2418.62
108.76	1063.16	2419.51
108.8	1063.55	2420.4
108.84	1063.94	2421.29
108.88	1064.33	2422.18
108.92	1064.72	2423.07
108.96	1065.11	2423.96
109	1065.5	2424.85
109.04	1065.89	2425.74
109.08	1066.28	2426.63
109.12	1066.67	2427.52
109.16	1067.06	2428.41
109.2	1067.45	2429.3
109.24	1067.84	2430.19
109.28	1068.23	2431.08
109.32	1068.62	2431.96
109.36	1069.01	2432.85
109.4	1069.4	2433.74
109.44	1069.79	2434.63
109.48	1070.18	2435.52
109.52	1070.57	2436.41
109.56	1070.96	2437.3
109.6	1071.35	2438.19
109.64	1071.74	2439.08
109.68	1072.13	2439.97
109.72	1072.52	2440.86
109.76	1072.91	2441.75
109.8	1073.3	2442.64
109.84	1073.69	2443.53
109.88	1074.08	2444.42
109.92	1074.47	2445.31
109.96	1074.86	2446.2
110	1075.25	2447.09
110.04	1075.64	2447.98
110.08	1076.03	2448.87
110.12	1076.42	2449.76
110.16	1076.81	2450.65
110.2	1077.2	2451.54
110.24	1077.59	2452.43
110.28	1077.98	2453.32
110.32	1078.37	2454.21
110.36	1078.76	2455.1
110.4	1079.15	2455.99
110.44	1079.54	2456.88
110.48	1079.93	2457.77
110.52	1080.32	2458.66
110.56	1080.71	2459.55
110.6	1081.1	2460.44
110.64	1081.49	2461.33
110.68	1081.88	2462.22
110.72	1082.27	2463.11
110.76	1082.66	2464
110.8	1083.05	2464.89
110.84	1083.44	2465.78
110.88	1083.83	2466.67
110.92	1084.22	2467.56
110.96	1084.61	2468.45
111	1085	2469.34
111.04	1085.39	2470.23
111.08	1085.78	2471.12
111.12	1086.17	2472.01
111.16	1086.56	2472.9
111.2	1086.95	2473.79
111.24	1087.34	2474.68
111.28	1087.73	2475.57
111.32	1088.12	2476.46
111.36	1088.51	2477.35
111.4	1088.9	2478.24
111.44	1089.29	2479.13
111.48	1089.68	2480.02
111.52	1090.07	2480.91
111.56	1090.46	2481.8
111.6	1090.85	2482.69
111.64	1091.24	2483.58
111.68	1091.63	2484.47
111.72	1092.02	2485.36
111.76	1092.41	2486.25
111.8	1092.8	2487.14
111.84	1093.19	2488.03
111.88	1093.58	2488.92
111.92	1093.97	2489.81
111.96	1094.36	2490.7
112	1094.75	2491.59
112.04	1095.14	2492.47
112.08	1095.53	2493.36
112.12	1095.92	2494.25
112.16	1096.31	2495.14
112.2	1096.7	2496.03
112.24	1097.09	2496.92
112.28	1097.48	2497.81
112.32	1097.87	2498.7
112.36	1098.26	2499.59
112.4	1098.65	2500.48
112.44	1099.04	2501.37
112.48	1099.43	2502.26
112.52	1099.82	2503.15
112.56	1100.21	2504.04
112.6	1100.6	2504.93
112.64	1100.99	2505.82
112.68	1101.38	2506.71
112.72	1101.77	2507.6
112.76	1102.16	2508.49
112.8	1102.55	2509.38
112.84	1102.94	2510.27
112.88	1103.33	2511.16
112.92	1103.72	2512.05
112.96	1104.11	2512.94
113	1104.5	2513.83
113.04	1104.89	2514.72
113.08	1105.28	2515.61
113.12	1105.67	2516.5
113.16	1106.06	2517.39
113.2	1106.45	2518.28
113.24	1106.84	2519.17
113.28	1107.23	2520.06
113.32	1107.62	2520.95
113.36	1108.01	2521.84
113.4	1108.4	2522.73
113.44	1108.79	2523.62
113.48	1109.18	2524.51
113.52	1109.57	2525.4
113.56	1109.96	2526.29
113.6	1110.35	2527.18
113.64	1110.74	2528.07
113.68	1111.13	2528.96
113.72	1111.52	2529.85
113.76	1111.91	2530.74
113.8	1112.3	2531.63
113.84	1112.69	2532.52
113.88	1113.08	2533.41
113.92	1113.47	2534.3
113.96	1113.86	2535.19
114	1114.25	2536.08
114.04	1114.64	2536.97
114.08	1115.03	2537.86
114.12	1115.42	2538.75
114.16	1115.81	2539.64
114.2	1116.2	2540.53
114.24	1116.59	2541.42
114.28	1116.98	2542.31
114.32	1117.37	2543.2
114.36	1117.76	2544.09
114.4	1118.14	2544.98
114.44	1118.53	2545.87
114.48	1118.92	2546.76
114.52	1119.31	2547.65
114.56	1119.7	2548.54
114.6	1120.09	2549.43
114.64	1120.48	2550.32
114.68	1120.87	2551.21
114.72	1121.26	2552.09
114.76	1121.65	2552.98
114.8	1122.04	2553.87
114.84	1122.43	2554.76
114.88	1122.82	2555.65
114.92	1123.21	2556.54
114.96	1123.6	2557.43
115	1123.99	2558.32
115.04	1124.38	2559.21
115.08	1124.77	2560.1
115.12	1125.16	2560.99
115.16	1125.55	2561.88
115.2	1125.94	2562.77
115.24	1126.33	2563.66
115.28	1126.72	2564.55
115.32	1127.11	2565.44
115.36	1127.5	2566.33
115.4	1127.89	2567.22
115.44	1128.28	2568.11
115.48	1128.67	2569
115.52	1129.06	2569.89
115.56	1129.45	2570.78
115.6	1129.84	2571.67
115.64	1130.23	2572.56
115.68	1130.62	2573.45
115.72	1131.01	2574.34
115.76	1131.4	2575.23
115.8	1131.79	2576.12
115.84	1132.18	2577.01
115.88	1132.57	2577.9
115.92	1132.96	2578.79
115.96	1133.35	2579.68
116	1133.74	2580.57
116.04	1134.13	2581.46
116.08	1134.52	2582.35
116.12	1134.91	2583.24
116.16	1135.3	2584.13
116.2	1135.69	2585.02
116.24	1136.08	2585.91
116.28	1136.47	2586.8
116.32	1136.86	2587.69
116.36	1137.25	2588.58
116.4	1137.64	2589.47
116.44	1138.03	2590.36
116.48	1138.42	2591.25
116.52	1138.81	2592.14
116.56	1139.2	2593.03
116.6	1139.59	2593.92
116.64	1139.98	2594.81
116.68	1140.37	2595.7
116.72	1140.76	2596.59
116.76	1141.15	2597.48
116.8	1141.54	2598.37
116.84	1141.93	2599.26
116.88	1142.32	2600.15
116.92	1142.71	2601.04
116.96	1143.1	2601.93
117	1143.49	2602.82
117.04	1143.88	2603.71
117.08	1144.27	2604.6
117.12	1144.66	2605.49
117.16	1145.05	2606.38
117.2	1145.44	2607.27
117.24	1145.83	2608.16
117.28	1146.22	2609.05
117.32	1146.61	2609.94
117.36	1147	2610.83
117.4	1147.39	2611.72
117.44	1147.78	2612.6
117.48	1148.17	2613.49
117.52	1148.56	2614.38
117.56	1148.95	2615.27
117.6	1149.34	2616.16
117.64	1149.73	2617.05
117.68	1150.12	2617.94
117.72	1150.51	2618.83
117.76	1150.9	2619.72
117.8	1151.29	2620.61
117.84	1151.68	2621.5
117.88	1152.07	2622.39
117.92	1152.46	2623.28
117.96	1152.85	2624.17
118	1153.23	2625.06
118.04	1153.62	2625.95
118.08	1154.01	2626.84
118.12	1154.4	2627.73
118.16	1154.79	2628.62
118.2	1155.18	2629.51
118.24	1155.57	2630.4
118.28	1155.96	2631.29
118.32	1156.35	2632.18
118.36	1156.74	2633.07
118.4	1157.13	2633.96
118.44	1157.52	2634.85
118.48	1157.91	2635.74
118.52	1158.3	2636.63
118.56	1158.69	2637.52
118.6	1159.08	2638.41
118.64	1159.47	2639.3
118.68	1159.86	2640.19
118.72	1160.25	2641.08
118.76	1160.64	2641.97
118.8	1161.03	2642.86
118.84	1161.42	2643.75
118.88	1161.81	2644.64
118.92	1162.2	2645.53
118.96	1162.59	2646.42
119	1162.98	2647.31
119.04	1163.37	2648.2
119.08	1163.76	2649.09
119.12	1164.15	2649.98
119.16	1164.54	2650.87
119.2	1164.93	2651.76
119.24	1165.32	2652.65
119.28	1165.71	2653.54
119.32	1166.1	2654.43
119.36	1166.49	2655.32
119.4	1166.88	2656.21
119.44	1167.27	2657.1
119.48	1167.66	2657.99
119.52	1168.05	2658.88
119.56	1168.44	2659.77
119.6	1168.83	2660.66
119.64	1169.22	2661.55
119.68	1169.61	2662.44
119.72	1170	2663.33
119.76	1170.39	2664.22
119.8	1170.78	2665.11
119.84	1171.17	2666
119.88	1171.56	2666.89
119.92	1171.95	2667.78
119.96	1172.34	2668.67
