0	-8.58297e-12	-0
0.04	0.391959	0.0156784
0.08	0.783674	0.0626939
0.12	1.1749	0.140988
0.16	1.5654	0.250464
0.2	1.95493	0.390987
0.24	2.34326	0.562383
0.28	2.73015	0.764442
0.32	3.11537	0.996918
0.36	3.49869	1.25953
0.4	3.87989	1.55196
0.44	4.25876	1.87385
0.48	4.63508	2.22484
0.52	5.00864	2.60449
0.56	5.37926	3.01238
0.6	5.74672	3.44803
0.64	6.11086	3.91095
0.68	6.47149	4.40061
0.72	6.82844	4.91648
0.76	7.18155	5.45798
0.8	7.53067	6.02454
0.84	7.87565	6.61554
0.88	8.21635	7.23039
0.92	8.55264	7.86843
0.96	8.88441	8.52904
1	9.21154	9.21154
1.04	9.53394	9.9153
1.08	9.8515	10.6396
1.12	10.1641	11.3838
1.16	10.4718	12.1473
1.2	10.7744	12.9293
1.24	11.0719	13.7291
1.28	11.3642	14.5461
1.32	11.6512	15.3796
1.36	11.9331	16.229
1.4	12.2096	17.0935
1.44	12.4809	17.9725
1.48	12.7468	18.8653
1.52	13.0075	19.7713
1.56	13.2628	20.6899
1.6	13.5128	21.6205
1.64	13.7575	22.5623
1.68	13.9969	23.5149
1.72	14.2311	24.4775
1.76	14.4601	25.4498
1.8	14.6839	26.431
1.84	14.9025	27.4206
1.88	15.1161	28.4182
1.92	15.3245	29.4231
1.96	15.528	30.4349
2	15.7266	31.4532
2.04	15.9202	32.4773
2.08	16.1091	33.5069
2.12	16.2931	34.5415
2.16	16.4725	35.5807
2.2	16.6473	36.6241
2.24	16.8175	37.6712
2.28	16.9833	38.7218
2.32	17.1446	39.7755
2.36	17.3016	40.8318
2.4	17.4544	41.8906
2.44	17.603	42.9513
2.48	17.7475	44.0139
2.52	17.8881	45.0779
2.56	18.0246	46.1431
2.6	18.1574	47.2092
2.64	18.2864	48.276
2.68	18.4117	49.3433
2.72	18.5334	50.4108
2.76	18.6515	51.4783
2.8	18.7663	52.5456
2.84	18.8777	53.6126
2.88	18.9858	54.679
2.92	19.0907	55.7447
2.96	19.1924	56.8096
3	19.2911	57.8734
3.04	19.3869	58.9361
3.08	19.4797	59.9976
3.12	19.5698	61.0577
3.16	19.6571	62.1163
3.2	19.7417	63.1733
3.24	19.8237	64.2287
3.28	19.9031	65.2823
3.32	19.9801	66.3341
3.36	20.0547	67.384
3.4	20.127	68.4319
3.44	20.197	69.4778
3.48	20.2648	70.5216
3.52	20.3305	71.5633
3.56	20.3941	72.6028
3.6	20.4556	73.6402
3.64	20.5152	74.6753
3.68	20.5729	75.7082
3.72	20.6287	76.7389
3.76	20.6828	77.7672
3.8	20.7351	78.7933
3.84	20.7857	79.817
3.88	20.8346	80.8384
3.92	20.882	81.8576
3.96	20.9279	82.8744
4	20.9722	83.8889
4.04	21.0151	84.901
4.08	21.0566	85.9109
4.12	21.0967	86.9185
4.16	21.1355	87.9239
4.2	21.1731	88.9269
4.24	21.2094	89.9277
4.28	21.2445	90.9263
4.32	21.2784	91.9227
4.36	21.3112	92.9169
4.4	21.3429	93.9089
4.44	21.3736	94.8988
4.48	21.4032	95.8865
4.52	21.4319	96.8722
4.56	21.4596	97.8558
4.6	21.4864	98.8373
4.64	21.5123	99.8169
4.68	21.5373	100.794
4.72	21.5614	101.77
4.76	21.5848	102.744
4.8	21.6074	103.715
4.84	21.6292	104.685
4.88	21.6503	105.653
4.92	21.6706	106.62
4.96	21.6903	107.584
5	21.7094	108.547
5.04	21.7277	109.508
5.08	21.7455	110.467
5.12	21.7626	111.425
5.16	21.7792	112.381
5.2	21.7952	113.335
5.24	21.8107	114.288
5.28	21.8256	115.239
5.32	21.8401	116.189
5.36	21.854	117.137
5.4	21.8675	118.084
5.44	21.8805	119.03
5.48	21.893	119.974
5.52	21.9052	120.917
5.56	21.9169	121.858
5.6	21.9282	122.798
5.64	21.9392	123.737
5.68	21.9497	124.674
5.72	21.9599	125.611
5.76	21.9698	126.546
5.8	21.9793	127.48
5.84	21.9885	128.413
5.88	21.9974	129.345
5.92	22.0059	130.275
5.96	22.0142	131.205
6	22.0222	132.133
6.04	22.0299	133.061
6.08	22.0374	133.987
6.12	22.0446	134.913
6.16	22.0516	135.838
6.2	22.0583	136.761
6.24	22.0647	137.684
6.28	22.071	138.606
6.32	22.0771	139.527
6.36	22.0829	140.447
6.4	22.0885	141.367
6.44	22.094	142.285
6.48	22.0992	143.203
6.52	22.1043	144.12
6.56	22.1092	145.036
6.6	22.1139	145.952
6.64	22.1185	146.867
6.68	22.1229	147.781
6.72	22.1272	148.695
6.76	22.1313	149.608
6.8	22.1353	150.52
6.84	22.1391	151.431
6.88	22.1428	152.343
6.92	22.1464	153.253
6.96	22.1498	154.163
7	22.1532	155.072
7.04	22.1564	155.981
7.08	22.1595	156.889
7.12	22.1625	157.797
7.16	22.1654	158.704
7.2	22.1682	159.611
7.24	22.1709	160.517
7.28	22.1735	161.423
7.32	22.176	162.328
7.36	22.1784	163.233
7.4	22.1808	164.138
7.44	22.1831	165.042
7.48	22.1852	165.946
7.52	22.1874	166.849
7.56	22.1894	167.752
7.6	22.1914	168.654
7.64	22.1933	169.556
7.68	22.1951	170.458
7.72	22.1969	171.36
7.76	22.1986	172.261
7.8	22.2002	173.162
7.84	22.2018	174.062
7.88	22.2034	174.962
7.92	22.2048	175.862
7.96	22.2063	176.762
8	22.2077	177.661
8.04	22.209	178.56
8.08	22.2103	179.459
8.12	22.2115	180.358
8.16	22.2127	181.256
8.2	22.2139	182.154
8.24	22.215	183.052
8.28	22.2161	183.949
8.32	22.2171	184.847
8.36	22.2182	185.744
8.4	22.2191	186.641
8.44	22.2201	187.537
8.48	22.221	188.434
8.52	22.2219	189.33
8.56	22.2227	190.226
8.6	22.2235	191.122
8.64	22.2243	192.018
8.68	22.2251	192.914
8.72	22.2258	193.809
8.76	22.2265	194.704
8.8	22.2272	195.599
8.84	22.2279	196.494
8.88	22.2285	197.389
8.92	22.2291	198.284
8.96	22.2297	199.178
9	22.2303	200.072
9.04	22.2308	200.967
9.08	22.2314	201.861
9.12	22.2319	202.755
9.16	22.2324	203.649
9.2	22.2329	204.542
9.24	22.2333	205.436
9.28	22.2338	206.329
9.32	22.2342	207.223
9.36	22.2346	208.116
9.4	22.235	209.009
9.44	22.2354	209.902
9.48	22.2358	210.795
9.52	22.2362	211.688
9.56	22.2365	212.581
9.6	22.2369	213.474
9.64	22.2372	214.366
9.68	22.2375	215.259
9.72	22.2378	216.151
9.76	22.2381	217.044
9.8	22.2384	217.936
9.84	22.2387	218.828
9.88	22.2389	219.72
9.92	22.2392	220.613
9.96	22.2394	221.505
10	22.2397	222.397
10.04	22.2399	223.288
10.08	22.2401	224.18
10.12	22.2403	225.072
10.16	22.2405	225.964
10.2	22.2407	226.855
10.24	22.2409	227.747
10.28	22.2411	228.639
10.32	22.2413	229.53
10.36	22.2415	230.422
10.4	22.2416	231.313
10.44	22.2418	232.204
10.48	22.2419	233.096
10.52	22.2421	233.987
10.56	22.2422	234.878
10.6	22.2424	235.769
10.64	22.2425	236.66
10.68	22.2426	237.551
10.72	22.2428	238.443
10.76	22.2429	239.334
10.8	22.243	240.225
10.84	22.2431	241.116
10.88	22.2432	242.006
10.92	22.2433	242.897
10.96	22.2434	243.788
11	22.2435	244.679
11.04	22.2436	245.57
11.08	22.2437	246.461
11.12	22.2438	247.351
11.16	22.2439	248.242
11.2	22.244	249.133
11.24	22.2441	250.023
11.28	22.2441	250.914
11.32	22.2442	251.805
11.36	22.2443	252.695
11.4	22.2444	253.586
11.44	22.2444	254.476
11.48	22.2445	255.367
11.52	22.2446	256.257
11.56	22.2446	257.148
11.6	22.2447	258.038
11.64	22.2447	258.929
11.68	22.2448	259.819
11.72	22.2448	260.709
11.76	22.2449	261.6
11.8	22.2449	262.49
11.84	22.245	263.381
11.88	22.245	264.271
11.92	22.2451	265.161
11.96	22.2451	266.052
12	22.2452	266.942
12.04	22.2452	267.832
12.08	22.2452	268.722
12.12	22.2453	269.613
12.16	22.2453	270.503
12.2	22.2453	271.393
12.24	22.2454	272.283
12.28	22.2454	273.174
12.32	22.2454	274.064
12.36	22.2455	274.954
12.4	22.2455	275.844
12.44	22.2455	276.734
12.48	22.2455	277.624
12.52	22.2456	278.515
12.56	22.2456	279.405
12.6	22.2456	280.295
12.64	22.2456	281.185
12.68	22.2457	282.075
12.72	22.2457	282.965
12.76	22.2457	283.855
12.8	22.2457	284.745
12.84	22.2458	285.635
12.88	22.2458	286.526
12.92	22.2458	287.416
12.96	22.2458	288.306
13	22.2458	289.196
13.04	22.2458	290.086
13.08	22.2459	290.976
13.12	22.2459	291.866
13.16	22.2459	292.756
13.2	22.2459	293.646
13.24	22.2459	294.536
13.28	22.2459	295.426
13.32	22.2459	296.316
13.36	22.246	297.206
13.4	22.246	298.096
13.44	22.246	298.986
13.48	22.246	299.876
13.52	22.246	300.766
13.56	22.246	301.656
13.6	22.246	302.546
13.64	22.246	303.436
13.68	22.246	304.326
13.72	22.246	305.216
13.76	22.2461	306.106
13.8	22.2461	306.996
13.84	22.2461	307.886
13.88	22.2461	308.776
13.92	22.2461	309.666
13.96	22.2461	310.555
14	22.2461	311.445
14.04	22.2461	312.335
14.08	22.2461	313.225
14.12	22.2461	314.115
14.16	22.2461	315.005
14.2	22.2461	315.895
14.24	22.2461	316.785
14.28	22.2461	317.675
14.32	22.2461	318.565
14.36	22.2462	319.455
14.4	22.2462	320.345
14.44	22.2462	321.235
14.48	22.2462	322.124
14.52	22.2462	323.014
14.56	22.2462	323.904
14.6	22.2462	324.794
14.64	22.2462	325.684
14.68	22.2462	326.574
14.72	22.2462	327.464
14.76	22.2462	328.354
14.8	22.2462	329.244
14.84	22.2462	330.134
14.88	22.2462	331.024
14.92	22.2462	331.913
14.96	22.2462	332.803
15	22.2462	333.693
15.04	22.2462	334.583
15.08	22.2462	335.473
15.12	22.2462	336.363
15.16	22.2462	337.253
15.2	22.2462	338.143
15.24	22.2462	339.033
15.28	22.2462	339.922
15.32	22.2462	340.812
15.36	22.2462	341.702
15.4	22.2462	342.592
15.44	22.2462	343.482
15.48	22.2462	344.372
15.52	22.2462	345.262
15.56	22.2462	346.152
15.6	22.2462	347.041
15.64	22.2462	347.931
15.68	22.2463	348.821
15.72	22.2463	349.711
15.76	22.2463	350.601
15.8	22.2463	351.491
15.84	22.2463	352.381
15.88	22.2463	353.271
15.92	22.2463	354.16
15.96	22.2463	355.05
16	22.2463	355.94
16.04	22.2463	356.83
16.08	22.2463	357.72
16.12	22.2463	358.61
16.16	22.2463	359.5
16.2	22.2463	360.39
16.24	22.2463	361.279
16.28	22.2463	362.169
16.32	22.2463	363.059
16.36	22.2463	363.949
16.4	22.2463	364.839
16.44	22.2463	365.729
16.48	22.2463	366.619
16.52	22.2463	367.508
16.56	22.2463	368.398
16.6	22.2463	369.288
16.64	22.2463	370.178
16.68	22.2463	371.068
16.72	22.2463	371.958
16.76	22.2463	372.848
16.8	22.2463	373.737
16.84	22.2463	374.627
16.88	22.2463	375.517
16.92	22.2463	376.407
16.96	22.2463	377.297
17	22.2463	378.187
17.04	22.2463	379.077
17.08	22.2463	379.966
17.12	22.2463	380.856
17.16	22.2463	381.746
17.2	22.2463	382.636
17.24	22.2463	383.526
17.28	22.2463	384.416
17.32	22.2463	385.306
17.36	22.2463	386.196
17.4	22.2463	387.085
17.44	22.2463	387.975
17.48	22.2463	388.865
17.52	22.2463	389.755
17.56	22.2463	390.645
17.6	22.2463	391.535
17.64	22.2463	392.425
17.68	22.2463	393.314
17.72	22.2463	394.204
17.76	22.2463	395.094
17.8	22.2463	395.984
17.84	22.2463	396.874
17.88	22.2463	397.764
17.92	22.2463	398.653
17.96	22.2463	399.543
18	22.2463	400.433
18.04	22.2463	401.323
18.08	22.2463	402.213
18.12	22.2463	403.103
18.16	22.2463	403.993
18.2	22.2463	404.882
18.24	22.2463	405.772
18.28	22.2463	406.662
18.32	22.2463	407.552
18.36	22.2463	408.442
18.4	22.2463	409.332
18.44	22.2463	410.222
18.48	22.2463	411.111
18.52	22.2463	412.001
18.56	22.2463	412.891
18.6	22.2463	413.781
18.64	22.2463	414.671
18.68	22.2463	415.561
18.72	22.2463	416.451
18.76	22.2463	417.34
18.8	22.2463	418.23
18.84	22.2463	419.12
18.88	22.2463	420.01
18.92	22.2463	420.9
18.96	22.2463	421.79
19	22.2463	422.68
19.04	22.2463	423.569
19.08	22.2463	424.459
19.12	22.2463	425.349
19.16	22.2463	426.239
19.2	22.2463	427.129
19.24	22.2463	428.019
19.28	22.2463	428.909
19.32	22.2463	429.798
19.36	22.2463	430.688
19.4	22.2463	431.578
19.44	22.2463	432.468
19.48	22.2463	433.358
19.52	22.2463	434.248
19.56	22.2463	435.138
19.6	22.2463	436.027
19.64	22.2463	436.917
19.68	22.2463	437.807
19.72	22.2463	438.697
19.76	22.2463	439.587
19.8	22.2463	440.477
19.84	22.2463	441.366
19.88	22.2463	442.256
19.92	22.2463	443.146
19.96	22.2463	444.036
20	22.2463	444.926
20.04	22.2463	445.816
20.08	22.2463	446.706
20.12	22.2463	447.595
20.16	22.2463	448.485
20.2	22.2463	449.375
20.24	22.2463	450.265
20.28	22.2463	451.155
20.32	22.2463	452.045
20.36	22.2463	452.935
20.4	22.2463	453.824
20.44	22.2463	454.714
20.48	22.2463	455.604
20.52	22.2463	456.494
20.56	22.2463	457.384
20.6	22.2463	458.274
20.64	22.2463	459.164
20.68	22.2463	460.053
20.72	22.2463	460.943
20.76	22.2463	461.833
20.8	22.2463	462.723
20.84	22.2463	463.613
20.88	22.2463	464.503
20.92	22.2463	465.392
20.96	22.2463	466.282
21	22.2463	467.172
21.04	22.2463	468.062
21.08	22.2463	468.952
21.12	22.2463	469.842
21.16	22.2463	470.732
21.2	22.2463	471.621
21.24	22.2463	472.511
21.28	22.2463	473.401
21.32	22.2463	474.291
21.36	22.2463	475.181
21.4	22.2463	476.071
21.44	22.2463	476.961
21.48	22.2463	477.85
21.52	22.2463	478.74
21.56	22.2463	479.63
21.6	22.2463	480.52
21.64	22.2463	481.41
21.68	22.2463	482.3
21.72	22.2463	483.19
21.76	22.2463	484.079
21.8	22.2463	484.969
21.84	22.2463	485.859
21.88	22.2463	486.749
21.92	22.2463	487.639
21.96	22.2463	488.529
22	22.2463	489.418
22.04	22.2463	490.308
22.08	22.2463	491.198
22.12	22.2463	492.088
22.16	22.2463	492.978
22.2	22.2463	493.868
22.24	22.2463	494.758
22.28	22.2463	495.647
22.32	22.2463	496.537
22.36	22.2463	497.427
22.4	22.2463	498.317
22.44	22.2463	499.207
22.48	22.2463	500.097
22.52	22.2463	500.987
22.56	22.2463	501.876
22.6	22.2463	502.766
22.64	22.2463	503.656
22.68	22.2463	504.546
22.72	22.2463	505.436
22.76	22.2463	506.326
22.8	22.2463	507.216
22.84	22.2463	508.105
22.88	22.2463	508.995
22.92	22.2463	509.885
22.96	22.2463	510.775
23	22.2463	511.665
23.04	22.2463	512.555
23.08	22.2463	513.444
23.12	22.2463	514.334
23.16	22.2463	515.224
23.2	22.2463	516.114
23.24	22.2463	517.004
23.28	22.2463	517.894
23.32	22.2463	518.784
23.36	22.2463	519.673
23.4	22.2463	520.563
23.44	22.2463	521.453
23.48	22.2463	522.343
23.52	22.2463	523.233
23.56	22.2463	524.123
23.6	22.2463	525.013
23.64	22.2463	525.902
23.68	22.2463	526.792
23.72	22.2463	527.682
23.76	22.2463	528.572
23.8	22.2463	529.462
23.84	22.2463	530.352
23.88	22.2463	531.242
23.92	22.2463	532.131
23.96	22.2463	533.021
24	22.2463	533.911
24.04	22.2463	534.801
24.08	22.2463	535.691
24.12	22.2463	536.581
24.16	22.2463	537.47
24.2	22.2463	538.36
24.24	22.2463	539.25
24.28	22.2463	540.14
24.32	22.2463	541.03
24.36	22.2463	541.92
24.4	22.2463	542.81
24.44	22.2463	543.699
24.48	22.2463	544.589
24.52	22.2463	545.479
24.56	22.2463	546.369
24.6	22.2463	547.259
24.64	22.2463	548.149
24.68	22.2463	549.039
24.72	22.2463	549.928
24.76	22.2463	550.818
24.8	22.2463	551.708
24.84	22.2463	552.598
24.88	22.2463	553.488
24.92	22.2463	554.378
24.96	22.2463	555.268
25	22.2463	556.157
25.04	22.2463	557.047
25.08	22.2463	557.937
25.12	22.2463	558.827
25.16	22.2463	559.717
25.2	22.2463	560.607
25.24	22.2463	561.496
25.28	22.2463	562.386
25.32	22.2463	563.276
25.36	22.2463	564.166
25.4	22.2463	565.056
25.44	22.2463	565.946
25.48	22.2463	566.836
25.52	22.2463	567.725
25.56	22.2463	568.615
25.6	22.2463	569.505
25.64	22.2463	570.395
25.68	22.2463	571.285
25.72	22.2463	572.175
25.76	22.2463	573.065
25.8	22.2463	573.954
25.84	22.2463	574.844
25.88	22.2463	575.734
25.92	22.2463	576.624
25.96	22.2463	577.514
26	22.2463	578.404
26.04	22.2463	579.294
26.08	22.2463	580.183
26.12	22.2463	581.073
26.16	22.2463	581.963
26.2	22.2463	582.853
26.24	22.2463	583.743
26.28	22.2463	584.633
26.32	22.2463	585.522
26.36	22.2463	586.412
26.4	22.2463	587.302
26.44	22.2463	588.192
26.48	22.2463	589.082
26.52	22.2463	589.972
26.56	22.2463	590.862
26.6	22.2463	591.751
26.64	22.2463	592.641
26.68	22.2463	593.531
26.72	22.2463	594.421
26.76	22.2463	595.311
26.8	22.2463	596.201
26.84	22.2463	597.091
26.88	22.2463	597.98
26.92	22.2463	598.87
26.96	22.2463	599.76
27	22.2463	600.65
27.04	22.2463	601.54
27.08	22.2463	602.43
27.12	22.2463	603.32
27.16	22.2463	604.209
27.2	22.2463	605.099
27.24	22.2463	605.989
27.28	22.2463	606.879
27.32	22.2463	607.769
27.36	22.2463	608.659
27.4	22.2463	609.548
27.44	22.2463	610.438
27.48	22.2463	611.328
27.52	22.2463	612.218
27.56	22.2463	613.108
27.6	22.2463	613.998
27.64	22.2463	614.888
27.68	22.2463	615.777
27.72	22.2463	616.667
27.76	22.2463	617.557
27.8	22.2463	618.447
27.84	22.2463	619.337
27.88	22.2463	620.227
27.92	22.2463	621.117
27.96	22.2463	622.006
28	22.2463	622.896
28.04	22.2463	623.786
28.08	22.2463	624.676
28.12	22.2463	625.566
28.16	22.2463	626.456
28.2	22.2463	627.346
28.24	22.2463	628.235
28.28	22.2463	629.125
28.32	22.2463	630.015
28.36	22.2463	630.905
28.4	22.2463	631.795
28.44	22.2463	632.685
28.48	22.2463	633.574
28.52	22.2463	634.464
28.56	22.2463	635.354
28.6	22.2463	636.244
28.64	22.2463	637.134
28.68	22.2463	638.024
28.72	22.2463	638.914
28.76	22.2463	639.803
28.8	22.2463	640.693
28.84	22.2463	641.583
28.88	22.2463	642.473
28.92	22.2463	643.363
28.96	22.2463	644.253
29	22.2463	645.143
29.04	22.2463	646.032
29.08	22.2463	646.922
29.12	22.2463	647.812
29.16	22.2463	648.702
29.2	22.2463	649.592
29.24	22.2463	650.482
29.28	22.2463	651.372
29.32	22.2463	652.261
29.36	22.2463	653.151
29.4	22.2463	654.041
29.44	22.2463	654.931
29.48	22.2463	655.821
29.52	22.2463	656.711
29.56	22.2463	657.6
29.6	22.2463	658.49
29.64	22.2463	659.38
29.68	22.2463	660.27
29.72	22.2463	661.16
29.76	22.2463	662.05
29.8	22.2463	662.94
29.84	22.2463	663.829
29.88	22.2463	664.719
29.92	22.2463	665.609
29.96	22.2463	666.499
30	22.2463	667.389
30.04	22.2463	668.279
30.08	22.2463	669.169
30.12	22.2463	670.058
30.16	22.2463	670.948
30.2	22.2463	671.838
30.24	22.2463	672.728
30.28	22.2463	673.618
30.32	22.2463	674.508
30.36	22.2463	675.398
30.4	22.2463	676.287
30.44	22.2463	677.177
30.48	22.2463	678.067
30.52	22.2463	678.957
30.56	22.2463	679.847
30.6	22.2463	680.737
30.64	22.2463	681.626
30.68	22.2463	682.516
30.72	22.2463	683.406
30.76	22.2463	684.296
30.8	22.2463	685.186
30.84	22.2463	686.076
30.88	22.2463	686.966
30.92	22.2463	687.855
30.96	22.2463	688.745
31	22.2463	689.635
31.04	22.2463	690.525
31.08	22.2463	691.415
31.12	22.2463	692.305
31.16	22.2463	693.195
31.2	22.2463	694.084
31.24	22.2463	694.974
31.28	22.2463	695.864
31.32	22.2463	696.754
31.36	22.2463	697.644
31.4	22.2463	698.534
31.44	22.2463	699.424
31.48	22.2463	700.313
31.52	22.2463	701.203
31.56	22.2463	702.093
31.6	22.2463	702.983
31.64	22.2463	703.873
31.68	22.2463	704.763
31.72	22.2463	705.652
31.76	22.2463	706.542
31.8	22.2463	707.432
31.84	22.2463	708.322
31.88	22.2463	709.212
31.92	22.2463	710.102
31.96	22.2463	710.992
32	22.2463	711.881
32.04	22.2463	712.771
32.08	22.2463	713.661
32.12	22.2463	714.551
32.16	22.2463	715.441
32.2	22.2463	716.331
32.24	22.2463	717.221
32.28	22.2463	718.11
32.32	22.2463	719
32.36	22.2463	719.89
32.4	22.2463	720.78
32.44	22.2463	721.67
32.48	22.2463	722.56
32.52	22.2463	723.45
32.56	22.2463	724.339
32.6	22.2463	725.229
32.64	22.2463	726.119
32.68	22.2463	727.009
32.72	22.2463	727.899
32.76	22.2463	728.789
32.8	22.2463	729.678
32.84	22.2463	730.568
32.88	22.2463	731.458
32.92	22.2463	732.348
32.96	22.2463	733.238
33	22.2463	734.128
33.04	22.2463	735.018
33.08	22.2463	735.907
33.12	22.2463	736.797
33.16	22.2463	737.687
33.2	22.2463	738.577
33.24	22.2463	739.467
33.28	22.2463	740.357
33.32	22.2463	741.247
33.36	22.2463	742.136
33.4	22.2463	743.026
33.44	22.2463	743.916
33.48	22.2463	744.806
33.52	22.2463	745.696
33.56	22.2463	746.586
33.6	22.2463	747.476
33.64	22.2463	748.365
33.68	22.2463	749.255
33.72	22.2463	750.145
33.76	22.2463	751.035
33.8	22.2463	751.925
33.84	22.2463	752.815
33.88	22.2463	753.704
33.92	22.2463	754.594
33.96	22.2463	755.484
34	22.2463	756.374
34.04	22.2463	757.264
34.08	22.2463	758.154
34.12	22.2463	759.044
34.16	22.2463	759.933
34.2	22.2463	760.823
34.24	22.2463	761.713
34.28	22.2463	762.603
34.32	22.2463	763.493
34.36	22.2463	764.383
34.4	22.2463	765.273
34.44	22.2463	766.162
34.48	22.2463	767.052
34.52	22.2463	767.942
34.56	22.2463	768.832
34.6	22.2463	769.722
34.64	22.2463	770.612
34.68	22.2463	771.502
34.72	22.2463	772.391
34.76	22.2463	773.281
34.8	22.2463	774.171
34.84	22.2463	775.061
34.88	22.2463	775.951
34.92	22.2463	776.841
34.96	22.2463	777.73
35	22.2463	778.62
35.04	22.2463	779.51
35.08	22.2463	780.4
35.12	22.2463	781.29
35.16	22.2463	782.18
35.2	22.2463	783.07
35.24	22.2463	783.959
35.28	22.2463	784.849
35.32	22.2463	785.739
35.36	22.2463	786.629
35.4	22.2463	787.519
35.44	22.2463	788.409
35.48	22.2463	789.299
35.52	22.2463	790.188
35.56	22.2463	791.078
35.6	22.2463	791.968
35.64	22.2463	792.858
35.68	22.2463	793.748
35.72	22.2463	794.638
35.76	22.2463	795.528
35.8	22.2463	796.417
35.84	22.2463	797.307
35.88	22.2463	798.197
35.92	22.2463	799.087
35.96	22.2463	799.977
36	22.2463	800.867
36.04	22.2463	801.756
36.08	22.2463	802.646
36.12	22.2463	803.536
36.16	22.2463	804.426
36.2	22.2463	805.316
36.24	22.2463	806.206
36.28	22.2463	807.096
36.32	22.2463	807.985
36.36	22.2463	808.875
36.4	22.2463	809.765
36.44	22.2463	810.655
36.48	22.2463	811.545
36.52	22.2463	812.435
36.56	22.2463	813.325
36.6	22.2463	814.214
36.64	22.2463	815.104
36.68	22.2463	815.994
36.72	22.2463	816.884
36.76	22.2463	817.774
36.8	22.2463	818.664
36.84	22.2463	819.554
36.88	22.2463	820.443
36.92	22.2463	821.333
36.96	22.2463	822.223
37	22.2463	823.113
37.04	22.2463	824.003
37.08	22.2463	824.893
37.12	22.2463	825.782
37.16	22.2463	826.672
37.2	22.2463	827.562
37.24	22.2463	828.452
37.28	22.2463	829.342
37.32	22.2463	830.232
37.36	22.2463	831.122
37.4	22.2463	832.011
37.44	22.2463	832.901
37.48	22.2463	833.791
37.52	22.2463	834.681
37.56	22.2463	835.571
37.6	22.2463	836.461
37.64	22.2463	837.351
37.68	22.2463	838.24
37.72	22.2463	839.13
37.76	22.2463	840.02
37.8	22.2463	840.91
37.84	22.2463	841.8
37.88	22.2463	842.69
37.92	22.2463	843.58
37.96	22.2463	844.469
38	22.2463	845.359
38.04	22.2463	846.249
38.08	22.2463	847.139
38.12	22.2463	848.029
38.16	22.2463	848.919
38.2	22.2463	849.808
38.24	22.2463	850.698
38.28	22.2463	851.588
38.32	22.2463	852.478
38.36	22.2463	853.368
38.4	22.2463	854.258
38.44	22.2463	855.148
38.48	22.2463	856.037
38.52	22.2463	856.927
38.56	22.2463	857.817
38.6	22.2463	858.707
38.64	22.2463	859.597
38.68	22.2463	860.487
38.72	22.2463	861.377
38.76	22.2463	862.266
38.8	22.2463	863.156
38.84	22.2463	864.046
38.88	22.2463	864.936
38.92	22.2463	865.826
38.96	22.2463	866.716
39	22.2463	867.606
39.04	22.2463	868.495
39.08	22.2463	869.385
39.12	22.2463	870.275
39.16	22.2463	871.165
39.2	22.2463	872.055
39.24	22.2463	872.945
39.28	22.2463	873.834
39.32	22.2463	874.724
39.36	22.2463	875.614
39.4	22.2463	876.504
39.44	22.2463	877.394
39.48	22.2463	878.284
39.52	22.2463	879.174
39.56	22.2463	880.063
39.6	22.2463	880.953
39.64	22.2463	881.843
39.68	22.2463	882.733
39.72	22.2463	883.623
39.76	22.2463	884.513
39.8	22.2463	885.403
39.84	22.2463	886.292
39.88	22.2463	887.182
39.92	22.2463	888.072
39.96	22.2463	888.962
40	22.2463	889.852
40.04	22.2463	890.742
40.08	22.2463	891.632
40.12	22.2463	892.521
40.16	22.2463	893.411
40.2	22.2463	894.301
40.24	22.2463	895.191
40.28	22.2463	896.081
40.32	22.2463	896.971
40.36	22.2463	897.86
40.4	22.2463	898.75
40.44	22.2463	899.64
40.48	22.2463	900.53
40.52	22.2463	901.42
40.56	22.2463	902.31
40.6	22.2463	903.2
40.64	22.2463	904.089
40.68	22.2463	904.979
40.72	22.2463	905.869
40.76	22.2463	906.759
40.8	22.2463	907.649
40.84	22.2463	908.539
40.88	22.2463	909.429
40.92	22.2463	910.318
40.96	22.2463	911.208
41	22.2463	912.098
41.04	22.2463	912.988
41.08	22.2463	913.878
41.12	22.2463	914.768
41.16	22.2463	915.658
41.2	22.2463	916.547
41.24	22.2463	917.437
41.28	22.2463	918.327
41.32	22.2463	919.217
41.36	22.2463	920.107
41.4	22.2463	920.997
41.44	22.2463	921.886
41.48	22.2463	922.776
41.52	22.2463	923.666
41.56	22.2463	924.556
41.6	22.2463	925.446
41.64	22.2463	926.336
41.68	22.2463	927.226
41.72	22.2463	928.115
41.76	22.2463	929.005
41.8	22.2463	929.895
41.84	22.2463	930.785
41.88	22.2463	931.675
41.92	22.2463	932.565
41.96	22.2463	933.455
42	22.2463	934.344
42.04	22.2463	935.234
42.08	22.2463	936.124
42.12	22.2463	937.014
42.16	22.2463	937.904
42.2	22.2463	938.794
42.24	22.2463	939.684
42.28	22.2463	940.573
42.32	22.2463	941.463
42.36	22.2463	942.353
42.4	22.2463	943.243
42.44	22.2463	944.133
42.48	22.2463	945.023
42.52	22.2463	945.912
42.56	22.2463	946.802
42.6	22.2463	947.692
42.64	22.2463	948.582
42.68	22.2463	949.472
42.72	22.2463	950.362
42.76	22.2463	951.252
42.8	22.2463	952.141
42.84	22.2463	953.031
42.88	22.2463	953.921
42.92	22.2463	954.811
42.96	22.2463	955.701
43	22.2463	956.591
43.04	22.2463	957.481
43.08	22.2463	958.37
43.12	22.2463	959.26
43.16	22.2463	960.15
43.2	22.2463	961.04
43.24	22.2463	961.93
43.28	22.2463	962.82
43.32	22.2463	963.709
43.36	22.2463	964.599
43.4	22.2463	965.489
43.44	22.2463	966.379
43.48	22.2463	967.269
43.52	22.2463	968.159
43.56	22.2463	969.049
43.6	22.2463	969.938
43.64	22.2463	970.828
43.68	22.2463	971.718
43.72	22.2463	972.608
43.76	22.2463	973.498
43.8	22.2463	974.388
43.84	22.2463	975.278
43.88	22.2463	976.167
43.92	22.2463	977.057
43.96	22.2463	977.947
44	22.2463	978.837
44.04	22.2463	979.727
44.08	22.2463	980.617
44.12	22.2463	981.507
44.16	22.2463	982.396
44.2	22.2463	983.286
44.24	22.2463	984.176
44.28	22.2463	985.066
44.32	22.2463	985.956
44.36	22.2463	986.846
44.4	22.2463	987.735
44.44	22.2463	988.625
44.48	22.2463	989.515
44.52	22.2463	990.405
44.56	22.2463	991.295
44.6	22.2463	992.185
44.64	22.2463	993.075
44.68	22.2463	993.964
44.72	22.2463	994.854
44.76	22.2463	995.744
44.8	22.2463	996.634
44.84	22.2463	997.524
44.88	22.2463	998.414
44.92	22.2463	999.304
44.96	22.2463	1000.19
45	22.2463	1001.08
45.04	22.2463	1001.97
45.08	22.2463	1002.86
45.12	22.2463	1003.75
45.16	22.2463	1004.64
45.2	22.2463	1005.53
45.24	22.2463	1006.42
45.28	22.2463	1007.31
45.32	22.2463	1008.2
45.36	22.2463	1009.09
45.4	22.2463	1009.98
45.44	22.2463	1010.87
45.48	22.2463	1011.76
45.52	22.2463	1012.65
45.56	22.2463	1013.54
45.6	22.2463	1014.43
45.64	22.2463	1015.32
45.68	22.2463	1016.21
45.72	22.2463	1017.1
45.76	22.2463	1017.99
45.8	22.2463	1018.88
45.84	22.2463	1019.77
45.88	22.2463	1020.66
45.92	22.2463	1021.55
45.96	22.2463	1022.44
46	22.2463	1023.33
46.04	22.2463	1024.22
46.08	22.2463	1025.11
46.12	22.2463	1026
46.16	22.2463	1026.89
46.2	22.2463	1027.78
46.24	22.2463	1028.67
46.28	22.2463	1029.56
46.32	22.2463	1030.45
46.36	22.2463	1031.34
46.4	22.2463	1032.23
46.44	22.2463	1033.12
46.48	22.2463	1034.01
46.52	22.2463	1034.9
46.56	22.2463	1035.79
46.6	22.2463	1036.68
46.64	22.2463	1037.57
46.68	22.2463	1038.46
46.72	22.2463	1039.35
46.76	22.2463	1040.24
46.8	22.2463	1041.13
46.84	22.2463	1042.02
46.88	22.2463	1042.91
46.92	22.2463	1043.8
46.96	22.2463	1044.69
47	22.2463	1045.58
47.04	22.2463	1046.47
47.08	22.2463	1047.36
47.12	22.2463	1048.25
47.16	22.2463	1049.14
47.2	22.2463	1050.03
47.24	22.2463	1050.91
47.28	22.2463	1051.8
47.32	22.2463	1052.69
47.36	22.2463	1053.58
47.4	22.2463	1054.47
47.44	22.2463	1055.36
47.48	22.2463	1056.25
47.52	22.2463	1057.14
47.56	22.2463	1058.03
47.6	22.2463	1058.92
47.64	22.2463	1059.81
47.68	22.2463	1060.7
47.72	22.2463	1061.59
47.76	22.2463	1062.48
47.8	22.2463	1063.37
47.84	22.2463	1064.26
47.88	22.2463	1065.15
47.92	22.2463	1066.04
47.96	22.2463	1066.93
48	22.2463	1067.82
48.04	22.2463	1068.71
48.08	22.2463	1069.6
48.12	22.2463	1070.49
48.16	22.2463	1071.38
48.2	22.2463	1072.27
48.24	22.2463	1073.16
48.28	22.2463	1074.05
48.32	22.2463	1074.94
48.36	22.2463	1075.83
48.4	22.2463	1076.72
48.44	22.2463	1077.61
48.48	22.2463	1078.5
48.52	22.2463	1079.39
48.56	22.2463	1080.28
48.6	22.2463	1081.17
48.64	22.2463	1082.06
48.68	22.2463	1082.95
48.72	22.2463	1083.84
48.76	22.2463	1084.73
48.8	22.2463	1085.62
48.84	22.2463	1086.51
48.88	22.2463	1087.4
48.92	22.2463	1088.29
48.96	22.2463	1089.18
49	22.2463	1090.07
49.04	22.2463	1090.96
49.08	22.2463	1091.85
49.12	22.2463	1092.74
49.16	22.2463	1093.63
49.2	22.2463	1094.52
49.24	22.2463	1095.41
49.28	22.2463	1096.3
49.32	22.2463	1097.19
49.36	22.2463	1098.08
49.4	22.2463	1098.97
49.44	22.2463	1099.86
49.48	22.2463	1100.75
49.52	22.2463	1101.64
49.56	22.2463	1102.53
49.6	22.2463	1103.42
49.64	22.2463	1104.31
49.68	22.2463	1105.2
49.72	22.2463	1106.09
49.76	22.2463	1106.98
49.8	22.2463	1107.87
49.84	22.2463	1108.76
49.88	22.2463	1109.65
49.92	22.2463	1110.54
49.96	22.2463	1111.42
50	22.2463	1112.31
50.04	22.2463	1113.2
50.08	22.2463	1114.09
50.12	22.2463	1114.98
50.16	22.2463	1115.87
50.2	22.2463	1116.76
50.24	22.2463	1117.65
50.28	22.2463	1118.54
50.32	22.2463	1119.43
50.36	22.2463	1120.32
50.4	22.2463	1121.21
50.44	22.2463	1122.1
50.48	22.2463	1122.99
50.52	22.2463	1123.88
50.56	22.2463	1124.77
50.6	22.2463	1125.66
50.64	22.2463	1126.55
50.68	22.2463	1127.44
50.72	22.2463	1128.33
50.76	22.2463	1129.22
50.8	22.2463	1130.11
50.84	22.2463	1131
50.88	22.2463	1131.89
50.92	22.2463	1132.78
50.96	22.2463	1133.67
51	22.2463	1134.56
51.04	22.2463	1135.45
51.08	22.2463	1136.34
51.12	22.2463	1137.23
51.16	22.2463	1138.12
51.2	22.2463	1139.01
51.24	22.2463	1139.9
51.28	22.2463	1140.79
51.32	22.2463	1141.68
51.36	22.2463	1142.57
51.4	22.2463	1143.46
51.44	22.2463	1144.35
51.48	22.2463	1145.24
51.52	22.2463	1146.13
51.56	22.2463	1147.02
51.6	22.2463	1147.91
51.64	22.2463	1148.8
51.68	22.2463	1149.69
51.72	22.2463	1150.58
51.76	22.2463	1151.47
51.8	22.2463	1152.36
51.84	22.2463	1153.25
51.88	22.2463	1154.14
51.92	22.2463	1155.03
51.96	22.2463	1155.92
52	22.2463	1156.81
52.04	22.2463	1157.7
52.08	22.2463	1158.59
52.12	22.2463	1159.48
52.16	22.2463	1160.37
52.2	22.2463	1161.26
52.24	22.2463	1162.15
52.28	22.2463	1163.04
52.32	22.2463	1163.93
52.36	22.2463	1164.82
52.4	22.2463	1165.71
52.44	22.2463	1166.6
52.48	22.2463	1167.49
52.52	22.2463	1168.38
52.56	22.2463	1169.27
52.6	22.2463	1170.16
52.64	22.2463	1171.04
52.68	22.2463	1171.93
52.72	22.2463	1172.82
52.76	22.2463	1173.71
52.8	22.2463	1174.6
52.84	22.2463	1175.49
52.88	22.2463	1176.38
52.92	22.2463	1177.27
52.96	22.2463	1178.16
53	22.2463	1179.05
53.04	22.2463	1179.94
53.08	22.2463	1180.83
53.12	22.2463	1181.72
53.16	22.2463	1182.61
53.2	22.2463	1183.5
53.24	22.2463	1184.39
53.28	22.2463	1185.28
53.32	22.2463	1186.17
53.36	22.2463	1187.06
53.4	22.2463	1187.95
53.44	22.2463	1188.84
53.48	22.2463	1189.73
53.52	22.2463	1190.62
53.56	22.2463	1191.51
53.6	22.2463	1192.4
53.64	22.2463	1193.29
53.68	22.2463	1194.18
53.72	22.2463	1195.07
53.76	22.2463	1195.96
53.8	22.2463	1196.85
53.84	22.2463	1197.74
53.88	22.2463	1198.63
53.92	22.2463	1199.52
53.96	22.2463	1200.41
54	22.2463	1201.3
54.04	22.2463	1202.19
54.08	22.2463	1203.08
54.12	22.2463	1203.97
54.16	22.2463	1204.86
54.2	22.2463	1205.75
54.24	22.2463	1206.64
54.28	22.2463	1207.53
54.32	22.2463	1208.42
54.36	22.2463	1209.31
54.4	22.2463	1210.2
54.44	22.2463	1211.09
54.48	22.2463	1211.98
54.52	22.2463	1212.87
54.56	22.2463	1213.76
54.6	22.2463	1214.65
54.64	22.2463	1215.54
54.68	22.2463	1216.43
54.72	22.2463	1217.32
54.76	22.2463	1218.21
54.8	22.2463	1219.1
54.84	22.2463	1219.99
54.88	22.2463	1220.88
54.92	22.2463	1221.77
54.96	22.2463	1222.66
55	22.2463	1223.55
55.04	22.2463	1224.44
55.08	22.2463	1225.33
55.12	22.2463	1226.22
55.16	22.2463	1227.11
55.2	22.2463	1228
55.24	22.2463	1228.89
55.28	22.2463	1229.78
55.32	22.2463	1230.67
55.36	22.2463	1231.55
55.4	22.2463	1232.44
55.44	22.2463	1233.33
55.48	22.2463	1234.22
55.52	22.2463	1235.11
55.56	22.2463	1236
55.6	22.2463	1236.89
55.64	22.2463	1237.78
55.68	22.2463	1238.67
55.72	22.2463	1239.56
55.76	22.2463	1240.45
55.8	22.2463	1241.34
55.84	22.2463	1242.23
55.88	22.2463	1243.12
55.92	22.2463	1244.01
55.96	22.2463	1244.9
56	22.2463	1245.79
56.04	22.2463	1246.68
56.08	22.2463	1247.57
56.12	22.2463	1248.46
56.16	22.2463	1249.35
56.2	22.2463	1250.24
56.24	22.2463	1251.13
56.28	22.2463	1252.02
56.32	22.2463	1252.91
56.36	22.2463	1253.8
56.4	22.2463	1254.69
56.44	22.2463	1255.58
56.48	22.2463	1256.47
56.52	22.2463	1257.36
56.56	22.2463	1258.25
56.6	22.2463	1259.14
56.64	22.2463	1260.03
56.68	22.2463	1260.92
56.72	22.2463	1261.81
56.76	22.2463	1262.7
56.8	22.2463	1263.59
56.84	22.2463	1264.48
56.88	22.2463	1265.37
56.92	22.2463	1266.26
56.96	22.2463	1267.15
57	22.2463	1268.04
57.04	22.2463	1268.93
57.08	22.2463	1269.82
57.12	22.2463	1270.71
57.16	22.2463	1271.6
57.2	22.2463	1272.49
57.24	22.2463	1273.38
57.28	22.2463	1274.27
57.32	22.2463	1275.16
57.36	22.2463	1276.05
57.4	22.2463	1276.94
57.44	22.2463	1277.83
57.48	22.2463	1278.72
57.52	22.2463	1279.61
57.56	22.2463	1280.5
57.6	22.2463	1281.39
57.64	22.2463	1282.28
57.68	22.2463	1283.17
57.72	22.2463	1284.06
57.76	22.2463	1284.95
57.8	22.2463	1285.84
57.84	22.2463	1286.73
57.88	22.2463	1287.62
57.92	22.2463	1288.51
57.96	22.2463	1289.4
58	22.2463	1290.29
58.04	22.2463	1291.17
58.08	22.2463	1292.06
58.12	22.2463	1292.95
58.16	22.2463	1293.84
58.2	22.2463	1294.73
58.24	22.2463	1295.62
58.28	22.2463	1296.51
58.32	22.2463	1297.4
58.36	22.2463	1298.29
58.4	22.2463	1299.18
58.44	22.2463	1300.07
58.48	22.2463	1300.96
58.52	22.2463	1301.85
58.56	22.2463	1302.74
58.6	22.2463	1303.63
58.64	22.2463	1304.52
58.68	22.2463	1305.41
58.72	22.2463	1306.3
58.76	22.2463	1307.19
58.8	22.2463	1308.08
58.84	22.2463	1308.97
58.88	22.2463	1309.86
58.92	22.2463	1310.75
58.96	22.2463	1311.64
59	22.2463	1312.53
59.04	22.2463	1313.42
59.08	22.2463	1314.31
59.12	22.2463	1315.2
59.16	22.2463	1316.09
59.2	22.2463	1316.98
59.24	22.2463	1317.87
59.28	22.2463	1318.76
59.32	22.2463	1319.65
59.36	22.2463	1320.54
59.4	22.2463	1321.43
59.44	22.2463	1322.32
59.48	22.2463	1323.21
59.52	22.2463	1324.1
59.56	22.2463	1324.99
59.6	22.2463	1325.88
59.64	22.2463	1326.77
59.68	22.2463	1327.66
59.72	22.2463	1328.55
59.76	22.2463	1329.44
59.8	22.2463	1330.33
59.84	22.2463	1331.22
59.88	22.2463	1332.11
59.92	22.2463	1333
59.96	22.2463	1333.89
60	22.2463	1334.78
60.04	22.2463	1335.67
60.08	22.2463	1336.56
60.12	22.2463	1337.45
60.16	22.2463	1338.34
60.2	22.2463	1339.23
60.24	22.2463	1340.12
60.28	22.2463	1341.01
60.32	22.2463	1341.9
60.36	22.2463	1342.79
60.4	22.2463	1343.68
60.44	22.2463	1344.57
60.48	22.2463	1345.46
60.52	22.2463	1346.35
60.56	22.2463	1347.24
60.6	22.2463	1348.13
60.64	22.2463	1349.02
60.68	22.2463	1349.91
60.72	22.2463	1350.8
60.76	22.2463	1351.68
60.8	22.2463	1352.57
60.84	22.2463	1353.46
60.88	22.2463	1354.35
60.92	22.2463	1355.24
60.96	22.2463	1356.13
61	22.2463	1357.02
61.04	22.2463	1357.91
61.08	22.2463	1358.8
61.12	22.2463	1359.69
61.16	22.2463	1360.58
61.2	22.2463	1361.47
61.24	22.2463	1362.36
61.28	22.2463	1363.25
61.32	22.2463	1364.14
61.36	22.2463	1365.03
61.4	22.2463	1365.92
61.44	22.2463	1366.81
61.48	22.2463	1367.7
61.52	22.2463	1368.59
61.56	22.2463	1369.48
61.6	22.2463	1370.37
61.64	22.2463	1371.26
61.68	22.2463	1372.15
61.72	22.2463	1373.04
61.76	22.2463	1373.93
61.8	22.2463	1374.82
61.84	22.2463	1375.71
61.88	22.2463	1376.6
61.92	22.2463	1377.49
61.96	22.2463	1378.38
62	22.2463	1379.27
62.04	22.2463	1380.16
62.08	22.2463	1381.05
62.12	22.2463	1381.94
62.16	22.2463	1382.83
62.2	22.2463	1383.72
62.24	22.2463	1384.61
62.28	22.2463	1385.5
62.32	22.2463	1386.39
62.36	22.2463	1387.28
62.4	22.2463	1388.17
62.44	22.2463	1389.06
62.48	22.2463	1389.95
62.52	22.2463	1390.84
62.56	22.2463	1391.73
62.6	22.2463	1392.62
62.64	22.2463	1393.51
62.68	22.2463	1394.4
62.72	22.2463	1395.29
62.76	22.2463	1396.18
62.8	22.2463	1397.07
62.84	22.2463	1397.96
62.88	22.2463	1398.85
62.92	22.2463	1399.74
62.96	22.2463	1400.63
63	22.2463	1401.52
63.04	22.2463	1402.41
63.08	22.2463	1403.3
63.12	22.2463	1404.19
63.16	22.2463	1405.08
63.2	22.2463	1405.97
63.24	22.2463	1406.86
63.28	22.2463	1407.75
63.32	22.2463	1408.64
63.36	22.2463	1409.53
63.4	22.2463	1410.42
63.44	22.2463	1411.3
63.48	22.2463	1412.19
63.52	22.2463	1413.08
63.56	22.2463	1413.97
63.6	22.2463	1414.86
63.64	22.2463	1415.75
63.68	22.2463	1416.64
63.72	22.2463	1417.53
63.76	22.2463	1418.42
63.8	22.2463	1419.31
63.84	22.2463	1420.2
63.88	22.2463	1421.09
63.92	22.2463	1421.98
63.96	22.2463	1422.87
64	22.2463	1423.76
64.04	22.2463	1424.65
64.08	22.2463	1425.54
64.12	22.2463	1426.43
64.16	22.2463	1427.32
64.2	22.2463	1428.21
64.24	22.2463	1429.1
64.28	22.2463	1429.99
64.32	22.2463	1430.88
64.36	22.2463	1431.77
64.4	22.2463	1432.66
64.44	22.2463	1433.55
64.48	22.2463	1434.44
64.52	22.2463	1435.33
64.56	22.2463	1436.22
64.6	22.2463	1437.11
64.64	22.2463	1438
64.68	22.2463	1438.89
64.72	22.2463	1439.78
64.76	22.2463	1440.67
64.8	22.2463	1441.56
64.84	22.2463	1442.45
64.88	22.2463	1443.34
64.92	22.2463	1444.23
64.96	22.2463	1445.12
65	22.2463	1446.01
65.04	22.2463	1446.9
65.08	22.2463	1447.79
65.12	22.2463	1448.68
65.16	22.2463	1449.57
65.2	22.2463	1450.46
65.24	22.2463	1451.35
65.28	22.2463	1452.24
65.32	22.2463	1453.13
65.36	22.2463	1454.02
65.4	22.2463	1454.91
65.44	22.2463	1455.8
65.48	22.2463	1456.69
65.52	22.2463	1457.58
65.56	22.2463	1458.47
65.6	22.2463	1459.36
65.64	22.2463	1460.25
65.68	22.2463	1461.14
65.72	22.2463	1462.03
65.76	22.2463	1462.92
65.8	22.2463	1463.81
65.84	22.2463	1464.7
65.88	22.2463	1465.59
65.92	22.2463	1466.48
65.96	22.2463	1467.37
66	22.2463	1468.26
66.04	22.2463	1469.15
66.08	22.2463	1470.04
66.12	22.2463	1470.93
66.16	22.2463	1471.81
66.2	22.2463	1472.7
66.24	22.2463	1473.59
66.28	22.2463	1474.48
66.32	22.2463	1475.37
66.36	22.2463	1476.26
66.4	22.2463	1477.15
66.44	22.2463	1478.04
66.48	22.2463	1478.93
66.52	22.2463	1479.82
66.56	22.2463	1480.71
66.6	22.2463	1481.6
66.64	22.2463	1482.49
66.68	22.2463	1483.38
66.72	22.2463	1484.27
66.76	22.2463	1485.16
66.8	22.2463	1486.05
66.84	22.2463	1486.94
66.88	22.2463	1487.83
66.92	22.2463	1488.72
66.96	22.2463	1489.61
67	22.2463	1490.5
67.04	22.2463	1491.39
67.08	22.2463	1492.28
67.12	22.2463	1493.17
67.16	22.2463	1494.06
67.2	22.2463	1494.95
67.24	22.2463	1495.84
67.28	22.2463	1496.73
67.32	22.2463	1497.62
67.36	22.2463	1498.51
67.4	22.2463	1499.4
67.44	22.2463	1500.29
67.48	22.2463	1501.18
67.52	22.2463	1502.07
67.56	22.2463	1502.96
67.6	22.2463	1503.85
67.64	22.2463	1504.74
67.68	22.2463	1505.63
67.72	22.2463	1506.52
67.76	22.2463	1507.41
67.8	22.2463	1508.3
67.84	22.2463	1509.19
67.88	22.2463	1510.08
67.92	22.2463	1510.97
67.96	22.2463	1511.86
68	22.2463	1512.75
68.04	22.2463	1513.64
68.08	22.2463	1514.53
68.12	22.2463	1515.42
68.16	22.2463	1516.31
68.2	22.2463	1517.2
68.24	22.2463	1518.09
68.28	22.2463	1518.98
68.32	22.2463	1519.87
68.36	22.2463	1520.76
68.4	22.2463	1521.65
68.44	22.2463	1522.54
68.48	22.2463	1523.43
68.52	22.2463	1524.32
68.56	22.2463	1525.21
68.6	22.2463	1526.1
68.64	22.2463	1526.99
68.68	22.2463	1527.88
68.72	22.2463	1528.77
68.76	22.2463	1529.66
68.8	22.2463	1530.55
68.84	22.2463	1531.43
68.88	22.2463	1532.32
68.92	22.2463	1533.21
68.96	22.2463	1534.1
69	22.2463	1534.99
69.04	22.2463	1535.88
69.08	22.2463	1536.77
69.12	22.2463	1537.66
69.16	22.2463	1538.55
69.2	22.2463	1539.44
69.24	22.2463	1540.33
69.28	22.2463	1541.22
69.32	22.2463	1542.11
69.36	22.2463	1543
69.4	22.2463	1543.89
69.44	22.2463	1544.78
69.48	22.2463	1545.67
69.52	22.2463	1546.56
69.56	22.2463	1547.45
69.6	22.2463	1548.34
69.64	22.2463	1549.23
69.68	22.2463	1550.12
69.72	22.2463	1551.01
69.76	22.2463	1551.9
69.8	22.2463	1552.79
69.84	22.2463	1553.68
69.88	22.2463	1554.57
69.92	22.2463	1555.46
69.96	22.2463	1556.35
70	22.2463	1557.24
70.04	22.2463	1558.13
70.08	22.2463	1559.02
70.12	22.2463	1559.91
70.16	22.2463	1560.8
70.2	22.2463	1561.69
70.24	22.2463	1562.58
70.28	22.2463	1563.47
70.32	22.2463	1564.36
70.36	22.2463	1565.25
70.4	22.2463	1566.14
70.44	22.2463	1567.03
70.48	22.2463	1567.92
70.52	22.2463	1568.81
70.56	22.2463	1569.7
70.6	22.2463	1570.59
70.64	22.2463	1571.48
70.68	22.2463	1572.37
70.72	22.2463	1573.26
70.76	22.2463	1574.15
70.8	22.2463	1575.04
70.84	22.2463	1575.93
70.88	22.2463	1576.82
70.92	22.2463	1577.71
70.96	22.2463	1578.6
71	22.2463	1579.49
71.04	22.2463	1580.38
71.08	22.2463	1581.27
71.12	22.2463	1582.16
71.16	22.2463	1583.05
71.2	22.2463	1583.94
71.24	22.2463	1584.83
71.28	22.2463	1585.72
71.32	22.2463	1586.61
71.36	22.2463	1587.5
71.4	22.2463	1588.39
71.44	22.2463	1589.28
71.48	22.2463	1590.17
71.52	22.2463	1591.06
71.56	22.2463	1591.94
71.6	22.2463	1592.83
71.64	22.2463	1593.72
71.68	22.2463	1594.61
71.72	22.2463	1595.5
71.76	22.2463	1596.39
71.8	22.2463	1597.28
71.84	22.2463	1598.17
71.88	22.2463	1599.06
71.92	22.2463	1599.95
71.96	22.2463	1600.84
72	22.2463	1601.73
72.04	22.2463	1602.62
72.08	22.2463	1603.51
72.12	22.2463	1604.4
72.16	22.2463	1605.29
72.2	22.2463	1606.18
72.24	22.2463	1607.07
72.28	22.2463	1607.96
72.32	22.2463	1608.85
72.36	22.2463	1609.74
72.4	22.2463	1610.63
72.44	22.2463	1611.52
72.48	22.2463	1612.41
72.52	22.2463	1613.3
72.56	22.2463	1614.19
72.6	22.2463	1615.08
72.64	22.2463	1615.97
72.68	22.2463	1616.86
72.72	22.2463	1617.75
72.76	22.2463	1618.64
72.8	22.2463	1619.53
72.84	22.2463	1620.42
72.88	22.2463	1621.31
72.92	22.2463	1622.2
72.96	22.2463	1623.09
73	22.2463	1623.98
73.04	22.2463	1624.87
73.08	22.2463	1625.76
73.12	22.2463	1626.65
73.16	22.2463	1627.54
73.2	22.2463	1628.43
73.24	22.2463	1629.32
73.28	22.2463	1630.21
73.32	22.2463	1631.1
73.36	22.2463	1631.99
73.4	22.2463	1632.88
73.44	22.2463	1633.77
73.48	22.2463	1634.66
73.52	22.2463	1635.55
73.56	22.2463	1636.44
73.6	22.2463	1637.33
73.64	22.2463	1638.22
73.68	22.2463	1639.11
73.72	22.2463	1640
73.76	22.2463	1640.89
73.8	22.2463	1641.78
73.84	22.2463	1642.67
73.88	22.2463	1643.56
73.92	22.2463	1644.45
73.96	22.2463	1645.34
74	22.2463	1646.23
74.04	22.2463	1647.12
74.08	22.2463	1648.01
74.12	22.2463	1648.9
74.16	22.2463	1649.79
74.2	22.2463	1650.68
74.24	22.2463	1651.56
74.28	22.2463	1652.45
74.32	22.2463	1653.34
74.36	22.2463	1654.23
74.4	22.2463	1655.12
74.44	22.2463	1656.01
74.48	22.2463	1656.9
74.52	22.2463	1657.79
74.56	22.2463	1658.68
74.6	22.2463	1659.57
74.64	22.2463	1660.46
74.68	22.2463	1661.35
74.72	22.2463	1662.24
74.76	22.2463	1663.13
74.8	22.2463	1664.02
74.84	22.2463	1664.91
74.88	22.2463	1665.8
74.92	22.2463	1666.69
74.96	22.2463	1667.58
75	22.2463	1668.47
75.04	22.2463	1669.36
75.08	22.2463	1670.25
75.12	22.2463	1671.14
75.16	22.2463	1672.03
75.2	22.2463	1672.92
75.24	22.2463	1673.81
75.28	22.2463	1674.7
75.32	22.2463	1675.59
75.36	22.2463	1676.48
75.4	22.2463	1677.37
75.44	22.2463	1678.26
75.48	22.2463	1679.15
75.52	22.2463	1680.04
75.56	22.2463	1680.93
75.6	22.2463	1681.82
75.64	22.2463	1682.71
75.68	22.2463	1683.6
75.72	22.2463	1684.49
75.76	22.2463	1685.38
75.8	22.2463	1686.27
75.84	22.2463	1687.16
75.88	22.2463	1688.05
75.92	22.2463	1688.94
75.96	22.2463	1689.83
76	22.2463	1690.72
76.04	22.2463	1691.61
76.08	22.2463	1692.5
76.12	22.2463	1693.39
76.16	22.2463	1694.28
76.2	22.2463	1695.17
76.24	22.2463	1696.06
76.28	22.2463	1696.95
76.32	22.2463	1697.84
76.36	22.2463	1698.73
76.4	22.2463	1699.62
76.44	22.2463	1700.51
76.48	22.2463	1701.4
76.52	22.2463	1702.29
76.56	22.2463	1703.18
76.6	22.2463	1704.07
76.64	22.2463	1704.96
76.68	22.2463	1705.85
76.72	22.2463	1706.74
76.76	22.2463	1707.63
76.8	22.2463	1708.52
76.84	22.2463	1709.41
76.88	22.2463	1710.3
76.92	22.2463	1711.19
76.96	22.2463	1712.07
77	22.2463	1712.96
77.04	22.2463	1713.85
77.08	22.2463	1714.74
77.12	22.2463	1715.63
77.16	22.2463	1716.52
77.2	22.2463	1717.41
77.24	22.2463	1718.3
77.28	22.2463	1719.19
77.32	22.2463	1720.08
77.36	22.2463	1720.97
77.4	22.2463	1721.86
77.44	22.2463	1722.75
77.48	22.2463	1723.64
77.52	22.2463	1724.53
77.56	22.2463	1725.42
77.6	22.2463	1726.31
77.64	22.2463	1727.2
77.68	22.2463	1728.09
77.72	22.2463	1728.98
77.76	22.2463	1729.87
77.8	22.2463	1730.76
77.84	22.2463	1731.65
77.88	22.2463	1732.54
77.92	22.2463	1733.43
77.96	22.2463	1734.32
78	22.2463	1735.21
78.04	22.2463	1736.1
78.08	22.2463	1736.99
78.12	22.2463	1737.88
78.16	22.2463	1738.77
78.2	22.2463	1739.66
78.24	22.2463	1740.55
78.28	22.2463	1741.44
78.32	22.2463	1742.33
78.36	22.2463	1743.22
78.4	22.2463	1744.11
78.44	22.2463	1745
78.48	22.2463	1745.89
78.52	22.2463	1746.78
78.56	22.2463	1747.67
78.6	22.2463	1748.56
78.64	22.2463	1749.45
78.68	22.2463	1750.34
78.72	22.2463	1751.23
78.76	22.2463	1752.12
78.8	22.2463	1753.01
78.84	22.2463	1753.9
78.88	22.2463	1754.79
78.92	22.2463	1755.68
78.96	22.2463	1756.57
79	22.2463	1757.46
79.04	22.2463	1758.35
79.08	22.2463	1759.24
79.12	22.2463	1760.13
79.16	22.2463	1761.02
79.2	22.2463	1761.91
79.24	22.2463	1762.8
79.28	22.2463	1763.69
79.32	22.2463	1764.58
79.36	22.2463	1765.47
79.4	22.2463	1766.36
79.44	22.2463	1767.25
79.48	22.2463	1768.14
79.52	22.2463	1769.03
79.56	22.2463	1769.92
79.6	22.2463	1770.81
79.64	22.2463	1771.69
79.68	22.2463	1772.58
79.72	22.2463	1773.47
79.76	22.2463	1774.36
79.8	22.2463	1775.25
79.84	22.2463	1776.14
79.88	22.2463	1777.03
79.92	22.2463	1777.92
79.96	22.2463	1778.81
80	22.2463	1779.7
80.04	22.2463	1780.59
80.08	22.2463	1781.48
80.12	22.2463	1782.37
80.16	22.2463	1783.26
80.2	22.2463	1784.15
80.24	22.2463	1785.04
80.28	22.2463	1785.93
80.32	22.2463	1786.82
80.36	22.2463	1787.71
80.4	22.2463	1788.6
80.44	22.2463	1789.49
80.48	22.2463	1790.38
80.52	22.2463	1791.27
80.56	22.2463	1792.16
80.6	22.2463	1793.05
80.64	22.2463	1793.94
80.68	22.2463	1794.83
80.72	22.2463	1795.72
80.76	22.2463	1796.61
80.8	22.2463	1797.5
80.84	22.2463	1798.39
80.88	22.2463	1799.28
80.92	22.2463	1800.17
80.96	22.2463	1801.06
81	22.2463	1801.95
81.04	22.2463	1802.84
81.08	22.2463	1803.73
81.12	22.2463	1804.62
81.16	22.2463	1805.51
81.2	22.2463	1806.4
81.24	22.2463	1807.29
81.28	22.2463	1808.18
81.32	22.2463	1809.07
81.36	22.2463	1809.96
81.4	22.2463	1810.85
81.44	22.2463	1811.74
81.48	22.2463	1812.63
81.52	22.2463	1813.52
81.56	22.2463	1814.41
81.6	22.2463	1815.3
81.64	22.2463	1816.19
81.68	22.2463	1817.08
81.72	22.2463	1817.97
81.76	22.2463	1818.86
81.8	22.2463	1819.75
81.84	22.2463	1820.64
81.88	22.2463	1821.53
81.92	22.2463	1822.42
81.96	22.2463	1823.31
82	22.2463	1824.2
82.04	22.2463	1825.09
82.08	22.2463	1825.98
82.12	22.2463	1826.87
82.16	22.2463	1827.76
82.2	22.2463	1828.65
82.24	22.2463	1829.54
82.28	22.2463	1830.43
82.32	22.2463	1831.32
82.36	22.2463	1832.2
82.4	22.2463	1833.09
82.44	22.2463	1833.98
82.48	22.2463	1834.87
82.52	22.2463	1835.76
82.56	22.2463	1836.65
82.6	22.2463	1837.54
82.64	22.2463	1838.43
82.68	22.2463	1839.32
82.72	22.2463	1840.21
82.76	22.2463	1841.1
82.8	22.2463	1841.99
82.84	22.2463	1842.88
82.88	22.2463	1843.77
82.92	22.2463	1844.66
82.96	22.2463	1845.55
83	22.2463	1846.44
83.04	22.2463	1847.33
83.08	22.2463	1848.22
83.12	22.2463	1849.11
83.16	22.2463	1850
83.2	22.2463	1850.89
83.24	22.2463	1851.78
83.28	22.2463	1852.67
83.32	22.2463	1853.56
83.36	22.2463	1854.45
83.4	22.2463	1855.34
83.44	22.2463	1856.23
83.48	22.2463	1857.12
83.52	22.2463	1858.01
83.56	22.2463	1858.9
83.6	22.2463	1859.79
83.64	22.2463	1860.68
83.68	22.2463	1861.57
83.72	22.2463	1862.46
83.76	22.2463	1863.35
83.8	22.2463	1864.24
83.84	22.2463	1865.13
83.88	22.2463	1866.02
83.92	22.2463	1866.91
83.96	22.2463	1867.8
84	22.2463	1868.69
84.04	22.2463	1869.58
84.08	22.2463	1870.47
84.12	22.2463	1871.36
84.16	22.2463	1872.25
84.2	22.2463	1873.14
84.24	22.2463	1874.03
84.28	22.2463	1874.92
84.32	22.2463	1875.81
84.36	22.2463	1876.7
84.4	22.2463	1877.59
84.44	22.2463	1878.48
84.48	22.2463	1879.37
84.52	22.2463	1880.26
84.56	22.2463	1881.15
84.6	22.2463	1882.04
84.64	22.2463	1882.93
84.68	22.2463	1883.82
84.72	22.2463	1884.71
84.76	22.2463	1885.6
84.8	22.2463	1886.49
84.84	22.2463	1887.38
84.88	22.2463	1888.27
84.92	22.2463	1889.16
84.96	22.2463	1890.05
85	22.2463	1890.94
85.04	22.2463	1891.82
85.08	22.2463	1892.71
85.12	22.2463	1893.6
85.16	22.2463	1894.49
85.2	22.2463	1895.38
85.24	22.2463	1896.27
85.28	22.2463	1897.16
85.32	22.2463	1898.05
85.36	22.2463	1898.94
85.4	22.2463	1899.83
85.44	22.2463	1900.72
85.48	22.2463	1901.61
85.52	22.2463	1902.5
85.56	22.2463	1903.39
85.6	22.2463	1904.28
85.64	22.2463	1905.17
85.68	22.2463	1906.06
85.72	22.2463	1906.95
85.76	22.2463	1907.84
85.8	22.2463	1908.73
85.84	22.2463	1909.62
85.88	22.2463	1910.51
85.92	22.2463	1911.4
85.96	22.2463	1912.29
86	22.2463	1913.18
86.04	22.2463	1914.07
86.08	22.2463	1914.96
86.12	22.2463	1915.85
86.16	22.2463	1916.74
86.2	22.2463	1917.63
86.24	22.2463	1918.52
86.28	22.2463	1919.41
86.32	22.2463	1920.3
86.36	22.2463	1921.19
86.4	22.2463	1922.08
86.44	22.2463	1922.97
86.48	22.2463	1923.86
86.52	22.2463	1924.75
86.56	22.2463	1925.64
86.6	22.2463	1926.53
86.64	22.2463	1927.42
86.68	22.2463	1928.31
86.72	22.2463	1929.2
86.76	22.2463	1930.09
86.8	22.2463	1930.98
86.84	22.2463	1931.87
86.88	22.2463	1932.76
86.92	22.2463	1933.65
86.96	22.2463	1934.54
87	22.2463	1935.43
87.04	22.2463	1936.32
87.08	22.2463	1937.21
87.12	22.2463	1938.1
87.16	22.2463	1938.99
87.2	22.2463	1939.88
87.24	22.2463	1940.77
87.28	22.2463	1941.66
87.32	22.2463	1942.55
87.36	22.2463	1943.44
87.4	22.2463	1944.33
87.44	22.2463	1945.22
87.48	22.2463	1946.11
87.52	22.2463	1947
87.56	22.2463	1947.89
87.6	22.2463	1948.78
87.64	22.2463	1949.67
87.68	22.2463	1950.56
87.72	22.2463	1951.44
87.76	22.2463	1952.33
87.8	22.2463	1953.22
87.84	22.2463	1954.11
87.88	22.2463	1955
87.92	22.2463	1955.89
87.96	22.2463	1956.78
88	22.2463	1957.67
88.04	22.2463	1958.56
88.08	22.2463	1959.45
88.12	22.2463	1960.34
88.16	22.2463	1961.23
88.2	22.2463	1962.12
88.24	22.2463	1963.01
88.28	22.2463	1963.9
88.32	22.2463	1964.79
88.36	22.2463	1965.68
88.4	22.2463	1966.57
88.44	22.2463	1967.46
88.48	22.2463	1968.35
88.52	22.2463	1969.24
88.56	22.2463	1970.13
88.6	22.2463	1971.02
88.64	22.2463	1971.91
88.68	22.2463	1972.8
88.72	22.2463	1973.69
88.76	22.2463	1974.58
88.8	22.2463	1975.47
88.84	22.2463	1976.36
88.88	22.2463	1977.25
88.92	22.2463	1978.14
88.96	22.2463	1979.03
89	22.2463	1979.92
89.04	22.2463	1980.81
89.08	22.2463	1981.7
89.12	22.2463	1982.59
89.16	22.2463	1983.48
89.2	22.2463	1984.37
89.24	22.2463	1985.26
89.28	22.2463	1986.15
89.32	22.2463	1987.04
89.36	22.2463	1987.93
89.4	22.2463	1988.82
89.44	22.2463	1989.71
89.48	22.2463	1990.6
89.52	22.2463	1991.49
89.56	22.2463	1992.38
89.6	22.2463	1993.27
89.64	22.2463	1994.16
89.68	22.2463	1995.05
89.72	22.2463	1995.94
89.76	22.2463	1996.83
89.8	22.2463	1997.72
89.84	22.2463	1998.61
89.88	22.2463	1999.5
89.92	22.2463	2000.39
89.96	22.2463	2001.28
90	22.2463	2002.17
90.04	22.2463	2003.06
90.08	22.2463	2003.95
90.12	22.2463	2004.84
90.16	22.2463	2005.73
90.2	22.2463	2006.62
90.24	22.2463	2007.51
90.28	22.2463	2008.4
90.32	22.2463	2009.29
90.36	22.2463	2010.18
90.4	22.2463	2011.07
90.44	22.2463	2011.95
90.48	22.2463	2012.84
90.52	22.2463	2013.73
90.56	22.2463	2014.62
90.6	22.2463	2015.51
90.64	22.2463	2016.4
90.68	22.2463	2017.29
90.72	22.2463	2018.18
90.76	22.2463	2019.07
90.8	22.2463	2019.96
90.84	22.2463	2020.85
90.88	22.2463	2021.74
90.92	22.2463	2022.63
90.96	22.2463	2023.52
91	22.2463	2024.41
91.04	22.2463	2025.3
91.08	22.2463	2026.19
91.12	22.2463	2027.08
91.16	22.2463	2027.97
91.2	22.2463	2028.86
91.24	22.2463	2029.75
91.28	22.2463	2030.64
91.32	22.2463	2031.53
91.36	22.2463	2032.42
91.4	22.2463	2033.31
91.44	22.2463	2034.2
91.48	22.2463	2035.09
91.52	22.2463	2035.98
91.56	22.2463	2036.87
91.6	22.2463	2037.76
91.64	22.2463	2038.65
91.68	22.2463	2039.54
91.72	22.2463	2040.43
91.76	22.2463	2041.32
91.8	22.2463	2042.21
91.84	22.2463	2043.1
91.88	22.2463	2043.99
91.92	22.2463	2044.88
91.96	22.2463	2045.77
92	22.2463	2046.66
92.04	22.2463	2047.55
92.08	22.2463	2048.44
92.12	22.2463	2049.33
92.16	22.2463	2050.22
92.2	22.2463	2051.11
92.24	22.2463	2052
92.28	22.2463	2052.89
92.32	22.2463	2053.78
92.36	22.2463	2054.67
92.4	22.2463	2055.56
92.44	22.2463	2056.45
92.48	22.2463	2057.34
92.52	22.2463	2058.23
92.56	22.2463	2059.12
92.6	22.2463	2060.01
92.64	22.2463	2060.9
92.68	22.2463	2061.79
92.72	22.2463	2062.68
92.76	22.2463	2063.57
92.8	22.2463	2064.46
92.84	22.2463	2065.35
92.88	22.2463	2066.24
92.92	22.2463	2067.13
92.96	22.2463	2068.02
93	22.2463	2068.91
93.04	22.2463	2069.8
93.08	22.2463	2070.69
93.12	22.2463	2071.57
93.16	22.2463	2072.46
93.2	22.2463	2073.35
93.24	22.2463	2074.24
93.28	22.2463	2075.13
93.32	22.2463	2076.02
93.36	22.2463	2076.91
93.4	22.2463	2077.8
93.44	22.2463	2078.69
93.48	22.2463	2079.58
93.52	22.2463	2080.47
93.56	22.2463	2081.36
93.6	22.2463	2082.25
93.64	22.2463	2083.14
93.68	22.2463	2084.03
93.72	22.2463	2084.92
93.76	22.2463	2085.81
93.8	22.2463	2086.7
93.84	22.2463	2087.59
93.88	22.2463	2088.48
93.92	22.2463	2089.37
93.96	22.2463	2090.26
94	22.2463	2091.15
94.04	22.2463	2092.04
94.08	22.2463	2092.93
94.12	22.2463	2093.82
94.16	22.2463	2094.71
94.2	22.2463	2095.6
94.24	22.2463	2096.49
94.28	22.2463	2097.38
94.32	22.2463	2098.27
94.36	22.2463	2099.16
94.4	22.2463	2100.05
94.44	22.2463	2100.94
94.48	22.2463	2101.83
94.52	22.2463	2102.72
94.56	22.2463	2103.61
94.6	22.2463	2104.5
94.64	22.2463	2105.39
94.68	22.2463	2106.28
94.72	22.2463	2107.17
94.76	22.2463	2108.06
94.8	22.2463	2108.95
94.84	22.2463	2109.84
94.88	22.2463	2110.73
94.92	22.2463	2111.62
94.96	22.2463	2112.51
95	22.2463	2113.4
95.04	22.2463	2114.29
95.08	22.2463	2115.18
95.12	22.2463	2116.07
95.16	22.2463	2116.96
95.2	22.2463	2117.85
95.24	22.2463	2118.74
95.28	22.2463	2119.63
95.32	22.2463	2120.52
95.36	22.2463	2121.41
95.4	22.2463	2122.3
95.44	22.2463	2123.19
95.48	22.2463	2124.08
95.52	22.2463	2124.97
95.56	22.2463	2125.86
95.6	22.2463	2126.75
95.64	22.2463	2127.64
95.68	22.2463	2128.53
95.72	22.2463	2129.42
95.76	22.2463	2130.31
95.8	22.2463	2131.2
95.84	22.2463	2132.08
95.88	22.2463	2132.97
95.92	22.2463	2133.86
95.96	22.2463	2134.75
96	22.2463	2135.64
96.04	22.2463	2136.53
96.08	22.2463	2137.42
96.12	22.2463	2138.31
96.16	22.2463	2139.2
96.2	22.2463	2140.09
96.24	22.2463	2140.98
96.28	22.2463	2141.87
96.32	22.2463	2142.76
96.36	22.2463	2143.65
96.4	22.2463	2144.54
96.44	22.2463	2145.43
96.48	22.2463	2146.32
96.52	22.2463	2147.21
96.56	22.2463	2148.1
96.6	22.2463	2148.99
96.64	22.2463	2149.88
96.68	22.2463	2150.77
96.72	22.2463	2151.66
96.76	22.2463	2152.55
96.8	22.2463	2153.44
96.84	22.2463	2154.33
96.88	22.2463	2155.22
96.92	22.2463	2156.11
96.96	22.2463	2157
97	22.2463	2157.89
97.04	22.2463	2158.78
97.08	22.2463	2159.67
97.12	22.2463	2160.56
97.16	22.2463	2161.45
97.2	22.2463	2162.34
97.24	22.2463	2163.23
97.28	22.2463	2164.12
97.32	22.2463	2165.01
97.36	22.2463	2165.9
97.4	22.2463	2166.79
97.44	22.2463	2167.68
97.48	22.2463	2168.57
97.52	22.2463	2169.46
97.56	22.2463	2170.35
97.6	22.2463	2171.24
97.64	22.2463	2172.13
97.68	22.2463	2173.02
97.72	22.2463	2173.91
97.76	22.2463	2174.8
97.8	22.2463	2175.69
97.84	22.2463	2176.58
97.88	22.2463	2177.47
97.92	22.2463	2178.36
97.96	22.2463	2179.25
98	22.2463	2180.14
98.04	22.2463	2181.03
98.08	22.2463	2181.92
98.12	22.2463	2182.81
98.16	22.2463	2183.7
98.2	22.2463	2184.59
98.24	22.2463	2185.48
98.28	22.2463	2186.37
98.32	22.2463	2187.26
98.36	22.2463	2188.15
98.4	22.2463	2189.04
98.44	22.2463	2189.93
98.48	22.2463	2190.82
98.52	22.2463	2191.7
98.56	22.2463	2192.59
98.6	22.2463	2193.48
98.64	22.2463	2194.37
98.68	22.2463	2195.26
98.72	22.2463	2196.15
98.76	22.2463	2197.04
98.8	22.2463	2197.93
98.84	22.2463	2198.82
98.88	22.2463	2199.71
98.92	22.2463	2200.6
98.96	22.2463	2201.49
99	22.2463	2202.38
99.04	22.2463	2203.27
99.08	22.2463	2204.16
99.12	22.2463	2205.05
99.16	22.2463	2205.94
99.2	22.2463	2206.83
99.24	22.2463	2207.72
99.28	22.2463	2208.61
99.32	22.2463	2209.5
99.36	22.2463	2210.39
99.4	22.2463	2211.28
99.44	22.2463	2212.17
99.48	22.2463	2213.06
99.52	22.2463	2213.95
99.56	22.2463	2214.84
99.6	22.2463	2215.73
99.64	22.2463	2216.62
99.68	22.2463	2217.51
99.72	22.2463	2218.4
99.76	22.2463	2219.29
99.8	22.2463	2220.18
99.84	22.2463	2221.07
99.88	22.2463	2221.96
99.92	22.2463	2222.85
99.96	22.2463	2223.74
100	22.2463	2224.63
100.04	22.2463	2225.52
100.08	22.2463	2226.41
100.12	22.2463	2227.3
100.16	22.2463	2228.19
100.2	22.2463	2229.08
100.24	22.2463	2229.97
100.28	22.2463	2230.86
100.32	22.2463	2231.75
100.36	22.2463	2232.64
100.4	22.2463	2233.53
100.44	22.2463	2234.42
100.48	22.2463	2235.31
100.52	22.2463	2236.2
100.56	22.2463	2237.09
100.6	22.2463	2237.98
100.64	22.2463	2238.87
100.68	22.2463	2239.76
100.72	22.2463	2240.65
100.76	22.2463	2241.54
100.8	22.2463	2242.43
100.84	22.2463	2243.32
100.88	22.2463	2244.21
100.92	22.2463	2245.1
100.96	22.2463	2245.99
101	22.2463	2246.88
101.04	22.2463	2247.77
101.08	22.2463	2248.66
101.12	22.2463	2249.55
101.16	22.2463	2250.44
101.2	22.2463	2251.33
101.24	22.2463	2252.21
101.28	22.2463	2253.1
101.32	22.2463	2253.99
101.36	22.2463	2254.88
101.4	22.2463	2255.77
101.44	22.2463	2256.66
101.48	22.2463	2257.55
101.52	22.2463	2258.44
101.56	22.2463	2259.33
101.6	22.2463	2260.22
101.64	22.2463	2261.11
101.68	22.2463	2262
101.72	22.2463	2262.89
101.76	22.2463	2263.78
101.8	22.2463	2264.67
101.84	22.2463	2265.56
101.88	22.2463	2266.45
101.92	22.2463	2267.34
101.96	22.2463	2268.23
102	22.2463	2269.12
102.04	22.2463	2270.01
102.08	22.2463	2270.9
102.12	22.2463	2271.79
102.16	22.2463	2272.68
102.2	22.2463	2273.57
102.24	22.2463	2274.46
102.28	22.2463	2275.35
102.32	22.2463	2276.24
102.36	22.2463	2277.13
102.4	22.2463	2278.02
102.44	22.2463	2278.91
102.48	22.2463	2279.8
102.52	22.2463	2280.69
102.56	22.2463	2281.58
102.6	22.2463	2282.47
102.64	22.2463	2283.36
102.68	22.2463	2284.25
102.72	22.2463	2285.14
102.76	22.2463	2286.03
102.8	22.2463	2286.92
102.84	22.2463	2287.81
102.88	22.2463	2288.7
102.92	22.2463	2289.59
102.96	22.2463	2290.48
103	22.2463	2291.37
103.04	22.2463	2292.26
103.08	22.2463	2293.15
103.12	22.2463	2294.04
103.16	22.2463	2294.93
103.2	22.2463	2295.82
103.24	22.2463	2296.71
103.28	22.2463	2297.6
103.32	22.2463	2298.49
103.36	22.2463	2299.38
103.4	22.2463	2300.27
103.44	22.2463	2301.16
103.48	22.2463	2302.05
103.52	22.2463	2302.94
103.56	22.2463	2303.83
103.6	22.2463	2304.72
103.64	22.2463	2305.61
103.68	22.2463	2306.5
103.72	22.2463	2307.39
103.76	22.2463	2308.28
103.8	22.2463	2309.17
103.84	22.2463	2310.06
103.88	22.2463	2310.95
103.92	22.2463	2311.83
103.96	22.2463	2312.72
104	22.2463	2313.61
104.04	22.2463	2314.5
104.08	22.2463	2315.39
104.12	22.2463	2316.28
104.16	22.2463	2317.17
104.2	22.2463	2318.06
104.24	22.2463	2318.95
104.28	22.2463	2319.84
104.32	22.2463	2320.73
104.36	22.2463	2321.62
104.4	22.2463	2322.51
104.44	22.2463	2323.4
104.48	22.2463	2324.29
104.52	22.2463	2325.18
104.56	22.2463	2326.07
104.6	22.2463	2326.96
104.64	22.2463	2327.85
104.68	22.2463	2328.74
104.72	22.2463	2329.63
104.76	22.2463	2330.52
104.8	22.2463	2331.41
104.84	22.2463	2332.3
104.88	22.2463	2333.19
104.92	22.2463	2334.08
104.96	22.2463	2334.97
105	22.2463	2335.86
105.04	22.2463	2336.75
105.08	22.2463	2337.64
105.12	22.2463	2338.53
105.16	22.2463	2339.42
105.2	22.2463	2340.31
105.24	22.2463	2341.2
105.28	22.2463	2342.09
105.32	22.2463	2342.98
105.36	22.2463	2343.87
105.4	22.2463	2344.76
105.44	22.2463	2345.65
105.48	22.2463	2346.54
105.52	22.2463	2347.43
105.56	22.2463	2348.32
105.6	22.2463	2349.21
105.64	22.2463	2350.1
105.68	22.2463	2350.99
105.72	22.2463	2351.88
105.76	22.2463	2352.77
105.8	22.2463	2353.66
105.84	22.2463	2354.55
105.88	22.2463	2355.44
105.92	22.2463	2356.33
105.96	22.2463	2357.22
106	22.2463	2358.11
106.04	22.2463	2359
106.08	22.2463	2359.89
106.12	22.2463	2360.78
106.16	22.2463	2361.67
106.2	22.2463	2362.56
106.24	22.2463	2363.45
106.28	22.2463	2364.34
106.32	22.2463	2365.23
106.36	22.2463	2366.12
106.4	22.2463	2367.01
106.44	22.2463	2367.9
106.48	22.2463	2368.79
106.52	22.2463	2369.68
106.56	22.2463	2370.57
106.6	22.2463	2371.46
106.64	22.2463	2372.34
106.68	22.2463	2373.23
106.72	22.2463	2374.12
106.76	22.2463	2375.01
106.8	22.2463	2375.9
106.84	22.2463	2376.79
106.88	22.2463	2377.68
106.92	22.2463	2378.57
106.96	22.2463	2379.46
107	22.2463	2380.35
107.04	22.2463	2381.24
107.08	22.2463	2382.13
107.12	22.2463	2383.02
107.16	22.2463	2383.91
107.2	22.2463	2384.8
107.24	22.2463	2385.69
107.28	22.2463	2386.58
107.32	22.2463	2387.47
107.36	22.2463	2388.36
107.4	22.2463	2389.25
107.44	22.2463	2390.14
107.48	22.2463	2391.03
107.52	22.2463	2391.92
107.56	22.2463	2392.81
107.6	22.2463	2393.7
107.64	22.2463	2394.59
107.68	22.2463	2395.48
107.72	22.2463	2396.37
107.76	22.2463	2397.26
107.8	22.2463	2398.15
107.84	22.2463	2399.04
107.88	22.2463	2399.93
107.92	22.2463	2400.82
107.96	22.2463	2401.71
108	22.2463	2402.6
108.04	22.2463	2403.49
108.08	22.2463	2404.38
108.12	22.2463	2405.27
108.16	22.2463	2406.16
108.2	22.2463	2407.05
108.24	22.2463	2407.94
108.28	22.2463	2408.83
108.32	22.2463	2409.72
108.36	22.2463	2410.61
108.4	22.2463	2411.5
108.44	22.2463	2412.39
108.48	22.2463	2413.28
108.52	22.2463	2414.17
108.56	22.2463	2415.06
108.6	22.2463	2415.95
108.64	22.2463	2416.84
108.68	22.2463	2417.73
108.72	22.2463	2418.62
108.76	22.2463	2419.51
108.8	22.2463	2420.4
108.84	22.2463	2421.29
108.88	22.2463	2422.18
108.92	22.2463	2423.07
108.96	22.2463	2423.96
109	22.2463	2424.85
109.04	22.2463	2425.74
109.08	22.2463	2426.63
109.12	22.2463	2427.52
109.16	22.2463	2428.41
109.2	22.2463	2429.3
109.24	22.2463	2430.19
109.28	22.2463	2431.08
109.32	22.2463	2431.96
109.36	22.2463	2432.85
109.4	22.2463	2433.74
109.44	22.2463	2434.63
109.48	22.2463	2435.52
109.52	22.2463	2436.41
109.56	22.2463	2437.3
109.6	22.2463	2438.19
109.64	22.2463	2439.08
109.68	22.2463	2439.97
109.72	22.2463	2440.86
109.76	22.2463	2441.75
109.8	22.2463	2442.64
109.84	22.2463	2443.53
109.88	22.2463	2444.42
109.92	22.2463	2445.31
109.96	22.2463	2446.2
110	22.2463	2447.09
110.04	22.2463	2447.98
110.08	22.2463	2448.87
110.12	22.2463	2449.76
110.16	22.2463	2450.65
110.2	22.2463	2451.54
110.24	22.2463	2452.43
110.28	22.2463	2453.32
110.32	22.2463	2454.21
110.36	22.2463	2455.1
110.4	22.2463	2455.99
110.44	22.2463	2456.88
110.48	22.2463	2457.77
110.52	22.2463	2458.66
110.56	22.2463	2459.55
110.6	22.2463	2460.44
110.64	22.2463	2461.33
110.68	22.2463	2462.22
110.72	22.2463	2463.11
110.76	22.2463	2464
110.8	22.2463	2464.89
110.84	22.2463	2465.78
110.88	22.2463	2466.67
110.92	22.2463	2467.56
110.96	22.2463	2468.45
111	22.2463	2469.34
111.04	22.2463	2470.23
111.08	22.2463	2471.12
111.12	22.2463	2472.01
111.16	22.2463	2472.9
111.2	22.2463	2473.79
111.24	22.2463	2474.68
111.28	22.2463	2475.57
111.32	22.2463	2476.46
111.36	22.2463	2477.35
111.4	22.2463	2478.24
111.44	22.2463	2479.13
111.48	22.2463	2480.02
111.52	22.2463	2480.91
111.56	22.2463	2481.8
111.6	22.2463	2482.69
111.64	22.2463	2483.58
111.68	22.2463	2484.47
111.72	22.2463	2485.36
111.76	22.2463	2486.25
111.8	22.2463	2487.14
111.84	22.2463	2488.03
111.88	22.2463	2488.92
111.92	22.2463	2489.81
111.96	22.2463	2490.7
112	22.2463	2491.59
112.04	22.2463	2492.47
112.08	22.2463	2493.36
112.12	22.2463	2494.25
112.16	22.2463	2495.14
112.2	22.2463	2496.03
112.24	22.2463	2496.92
112.28	22.2463	2497.81
112.32	22.2463	2498.7
112.36	22.2463	2499.59
112.4	22.2463	2500.48
112.44	22.2463	2501.37
112.48	22.2463	2502.26
112.52	22.2463	2503.15
112.56	22.2463	2504.04
112.6	22.2463	2504.93
112.64	22.2463	2505.82
112.68	22.2463	2506.71
112.72	22.2463	2507.6
112.76	22.2463	2508.49
112.8	22.2463	2509.38
112.84	22.2463	2510.27
112.88	22.2463	2511.16
112.92	22.2463	2512.05
112.96	22.2463	2512.94
113	22.2463	2513.83
113.04	22.2463	2514.72
113.08	22.2463	2515.61
113.12	22.2463	2516.5
113.16	22.2463	2517.39
113.2	22.2463	2518.28
113.24	22.2463	2519.17
113.28	22.2463	2520.06
113.32	22.2463	2520.95
113.36	22.2463	2521.84
113.4	22.2463	2522.73
113.44	22.2463	2523.62
113.48	22.2463	2524.51
113.52	22.2463	2525.4
113.56	22.2463	2526.29
113.6	22.2463	2527.18
113.64	22.2463	2528.07
113.68	22.2463	2528.96
113.72	22.2463	2529.85
113.76	22.2463	2530.74
113.8	22.2463	2531.63
113.84	22.2463	2532.52
113.88	22.2463	2533.41
113.92	22.2463	2534.3
113.96	22.2463	2535.19
114	22.2463	2536.08
114.04	22.2463	2536.97
114.08	22.2463	2537.86
114.12	22.2463	2538.75
114.16	22.2463	2539.64
114.2	22.2463	2540.53
114.24	22.2463	2541.42
114.28	22.2463	2542.31
114.32	22.2463	2543.2
114.36	22.2463	2544.09
114.4	22.2463	2544.98
114.44	22.2463	2545.87
114.48	22.2463	2546.76
114.52	22.2463	2547.65
114.56	22.2463	2548.54
114.6	22.2463	2549.43
114.64	22.2463	2550.32
114.68	22.2463	2551.21
114.72	22.2463	2552.09
114.76	22.2463	2552.98
114.8	22.2463	2553.87
114.84	22.2463	2554.76
114.88	22.2463	2555.65
114.92	22.2463	2556.54
114.96	22.2463	2557.43
115	22.2463	2558.32
115.04	22.2463	2559.21
115.08	22.2463	2560.1
115.12	22.2463	2560.99
115.16	22.2463	2561.88
115.2	22.2463	2562.77
115.24	22.2463	2563.66
115.28	22.2463	2564.55
115.32	22.2463	2565.44
115.36	22.2463	2566.33
115.4	22.2463	2567.22
115.44	22.2463	2568.11
115.48	22.2463	2569
115.52	22.2463	2569.89
115.56	22.2463	2570.78
115.6	22.2463	2571.67
115.64	22.2463	2572.56
115.68	22.2463	2573.45
115.72	22.2463	2574.34
115.76	22.2463	2575.23
115.8	22.2463	2576.12
115.84	22.2463	2577.01
115.88	22.2463	2577.9
115.92	22.2463	2578.79
115.96	22.2463	2579.68
116	22.2463	2580.57
116.04	22.2463	2581.46
116.08	22.2463	2582.35
116.12	22.2463	2583.24
116.16	22.2463	2584.13
116.2	22.2463	2585.02
116.24	22.2463	2585.91
116.28	22.2463	2586.8
116.32	22.2463	2587.69
116.36	22.2463	2588.58
116.4	22.2463	2589.47
116.44	22.2463	2590.36
116.48	22.2463	2591.25
116.52	22.2463	2592.14
116.56	22.2463	2593.03
116.6	22.2463	2593.92
116.64	22.2463	2594.81
116.68	22.2463	2595.7
116.72	22.2463	2596.59
116.76	22.2463	2597.48
116.8	22.2463	2598.37
116.84	22.2463	2599.26
116.88	22.2463	2600.15
116.92	22.2463	2601.04
116.96	22.2463	2601.93
117	22.2463	2602.82
117.04	22.2463	2603.71
117.08	22.2463	2604.6
117.12	22.2463	2605.49
117.16	22.2463	2606.38
117.2	22.2463	2607.27
117.24	22.2463	2608.16
117.28	22.2463	2609.05
117.32	22.2463	2609.94
117.36	22.2463	2610.83
117.4	22.2463	2611.72
117.44	22.2463	2612.6
117.48	22.2463	2613.49
117.52	22.2463	2614.38
117.56	22.2463	2615.27
117.6	22.2463	2616.16
117.64	22.2463	2617.05
117.68	22.2463	2617.94
117.72	22.2463	2618.83
117.76	22.2463	2619.72
117.8	22.2463	2620.61
117.84	22.2463	2621.5
117.88	22.2463	2622.39
117.92	22.2463	2623.28
117.96	22.2463	2624.17
118	22.2463	2625.06
118.04	22.2463	2625.95
118.08	22.2463	2626.84
118.12	22.2463	2627.73
118.16	22.2463	2628.62
118.2	22.2463	2629.51
118.24	22.2463	2630.4
118.28	22.2463	2631.29
118.32	22.2463	2632.18
118.36	22.2463	2633.07
118.4	22.2463	2633.96
118.44	22.2463	2634.85
118.48	22.2463	2635.74
118.52	22.2463	2636.63
118.56	22.2463	2637.52
118.6	22.2463	2638.41
118.64	22.2463	2639.3
118.68	22.2463	2640.19
118.72	22.2463	2641.08
118.76	22.2463	2641.97
118.8	22.2463	2642.86
118.84	22.2463	2643.75
118.88	22.2463	2644.64
118.92	22.2463	2645.53
118.96	22.2463	2646.42
119	22.2463	2647.31
119.04	22.2463	2648.2
119.08	22.2463	2649.09
119.12	22.2463	2649.98
119.16	22.2463	2650.87
119.2	22.2463	2651.76
119.24	22.2463	2652.65
119.28	22.2463	2653.54
119.32	22.2463	2654.43
119.36	22.2463	2655.32
119.4	22.2463	2656.21
119.44	22.2463	2657.1
119.48	22.2463	2657.99
119.52	22.2463	2658.88
119.56	22.2463	2659.77
119.6	22.2463	2660.66
119.64	22.2463	2661.55
119.68	22.2463	2662.44
119.72	22.2463	2663.33
119.76	22.2463	2664.22
119.8	22.2463	2665.11
119.84	22.2463	2666
119.88	22.2463	2666.89
119.92	22.2463	2667.78
119.96	22.2463	2668.67
