0	1.46168e-05	0
0.04	0.392008	0.0156803
0.08	0.783974	0.0627179
0.12	1.17589	0.141106
0.16	1.56772	0.250835
0.2	1.95944	0.391888
0.24	2.35103	0.564246
0.28	2.74245	0.767886
0.32	3.13369	1.00278
0.36	3.52471	1.26889
0.4	3.91548	1.56619
0.44	4.30599	1.89464
0.48	4.6962	2.25418
0.52	5.08609	2.64477
0.56	5.47563	3.06635
0.6	5.86479	3.51888
0.64	6.25356	4.00228
0.68	6.64189	4.51649
0.72	7.02977	5.06144
0.76	7.41717	5.63705
0.8	7.80407	6.24325
0.84	8.19043	6.87996
0.88	8.57624	7.54709
0.92	8.96146	8.24455
0.96	9.34608	8.97224
1	9.73007	9.73007
1.04	10.1134	10.5179
1.08	10.496	11.3357
1.12	10.878	12.1833
1.16	11.2592	13.0607
1.2	11.6396	13.9676
1.24	12.0193	14.904
1.28	12.3982	15.8697
1.32	12.7762	16.8646
1.36	13.1534	17.8887
1.4	13.5298	18.9417
1.44	13.9052	20.0235
1.48	14.2797	21.134
1.52	14.6533	22.273
1.56	15.0259	23.4404
1.6	15.3975	24.636
1.64	15.7681	25.8597
1.68	16.1377	27.1114
1.72	16.5063	28.3908
1.76	16.8737	29.6978
1.8	17.2401	31.0322
1.84	17.6054	32.3939
1.88	17.9695	33.7827
1.92	18.3325	35.1984
1.96	18.6943	36.6409
2	19.055	38.11
2.04	19.4144	39.6054
2.08	19.7726	41.127
2.12	20.1296	42.6747
2.16	20.4853	44.2482
2.2	20.8397	45.8473
2.24	21.1928	47.4719
2.28	21.5446	49.1217
2.32	21.8951	50.7965
2.36	22.2442	52.4963
2.4	22.5919	54.2207
2.44	22.9383	55.9695
2.48	23.2833	57.7426
2.52	23.6269	59.5397
2.56	23.969	61.3607
2.6	24.3097	63.2053
2.64	24.649	65.0733
2.68	24.9867	66.9645
2.72	25.323	68.8787
2.76	25.6578	70.8156
2.8	25.9911	72.7752
2.84	26.3229	74.7571
2.88	26.6531	76.7611
2.92	26.9818	78.787
2.96	27.309	80.8346
3	27.6345	82.9036
3.04	27.9585	84.9939
3.08	28.2809	87.1052
3.12	28.6017	89.2373
3.16	28.9209	91.39
3.2	29.2385	93.5631
3.24	29.5544	95.7562
3.28	29.8687	97.9693
3.32	30.1813	100.202
3.36	30.4923	102.454
3.4	30.8016	104.726
3.44	31.1093	107.016
3.48	31.4153	109.325
3.52	31.7196	111.653
3.56	32.0221	113.999
3.6	32.323	116.363
3.64	32.6222	118.745
3.68	32.9197	121.144
3.72	33.2154	123.561
3.76	33.5095	125.996
3.8	33.8018	128.447
3.84	34.0923	130.915
3.88	34.3812	133.399
3.92	34.6682	135.9
3.96	34.9536	138.416
4	35.2372	140.949
4.04	35.519	143.497
4.08	35.7991	146.06
4.12	36.0774	148.639
4.16	36.3539	151.232
4.2	36.6287	153.841
4.24	36.9018	156.463
4.28	37.173	159.101
4.32	37.4425	161.752
4.36	37.7102	164.417
4.4	37.9762	167.095
4.44	38.2404	169.787
4.48	38.5028	172.492
4.52	38.7634	175.211
4.56	39.0222	177.941
4.6	39.2793	180.685
4.64	39.5346	183.441
4.68	39.7882	186.209
4.72	40.04	188.989
4.76	40.29	191.78
4.8	40.5382	194.583
4.84	40.7847	197.398
4.88	41.0294	200.224
4.92	41.2724	203.06
4.96	41.5136	205.907
5	41.753	208.765
5.04	41.9907	211.633
5.08	42.2266	214.511
5.12	42.4608	217.399
5.16	42.6932	220.297
5.2	42.9239	223.205
5.24	43.1529	226.121
5.28	43.3801	229.047
5.32	43.6056	231.982
5.36	43.8294	234.926
5.4	44.0515	237.878
5.44	44.2718	240.839
5.48	44.4905	243.808
5.52	44.7074	246.785
5.56	44.9226	249.77
5.6	45.1362	252.763
5.64	45.348	255.763
5.68	45.5582	258.77
5.72	45.7667	261.785
5.76	45.9735	264.807
5.8	46.1786	267.836
5.84	46.3821	270.871
5.88	46.5839	273.914
5.92	46.7841	276.962
5.96	46.9826	280.017
6	47.1796	283.077
6.04	47.3748	286.144
6.08	47.5685	289.216
6.12	47.7605	292.294
6.16	47.951	295.378
6.2	48.1398	298.467
6.24	48.327	301.561
6.28	48.5127	304.66
6.32	48.6967	307.763
6.36	48.8793	310.872
6.4	49.0602	313.985
6.44	49.2396	317.103
6.48	49.4174	320.225
6.52	49.5937	323.351
6.56	49.7685	326.481
6.6	49.9417	329.615
6.64	50.1134	332.753
6.68	50.2836	335.895
6.72	50.4524	339.04
6.76	50.6196	342.188
6.8	50.7853	345.34
6.84	50.9496	348.495
6.88	51.1124	351.653
6.92	51.2737	354.814
6.96	51.4336	357.978
7	51.5921	361.144
7.04	51.7491	364.314
7.08	51.9047	367.485
7.12	52.0589	370.659
7.16	52.2116	373.835
7.2	52.363	377.014
7.24	52.513	380.194
7.28	52.6616	383.376
7.32	52.8088	386.561
7.36	52.9547	389.747
7.4	53.0992	392.934
7.44	53.2424	396.123
7.48	53.3842	399.314
7.52	53.5248	402.506
7.56	53.664	405.699
7.6	53.8018	408.894
7.64	53.9384	412.09
7.68	54.0737	415.286
7.72	54.2077	418.484
7.76	54.3405	421.682
7.8	54.472	424.881
7.84	54.6022	428.081
7.88	54.7312	431.282
7.92	54.8589	434.483
7.96	54.9854	437.684
8	55.1107	440.886
8.04	55.2348	444.088
8.08	55.3577	447.29
8.12	55.4794	450.493
8.16	55.5999	453.695
8.2	55.7192	456.898
8.24	55.8374	460.1
8.28	55.9544	463.303
8.32	56.0703	466.505
8.36	56.185	469.707
8.4	56.2987	472.909
8.44	56.4111	476.11
8.48	56.5225	479.311
8.52	56.6328	482.511
8.56	56.742	485.711
8.6	56.8501	488.91
8.64	56.9571	492.109
8.68	57.063	495.307
8.72	57.1679	498.504
8.76	57.2717	501.7
8.8	57.3745	504.896
8.84	57.4763	508.091
8.88	57.577	511.284
8.92	57.6768	514.477
8.96	57.7755	517.668
9	57.8732	520.859
9.04	57.9699	524.048
9.08	58.0657	527.236
9.12	58.1605	530.423
9.16	58.2543	533.609
9.2	58.3471	536.794
9.24	58.439	539.977
9.28	58.53	543.158
9.32	58.62	546.339
9.36	58.7091	549.517
9.4	58.7973	552.695
9.44	58.8846	555.871
9.48	58.971	559.045
9.52	59.0565	562.218
9.56	59.1411	565.389
9.6	59.2248	568.558
9.64	59.3077	571.726
9.68	59.3897	574.892
9.72	59.4708	578.056
9.76	59.5511	581.219
9.8	59.6306	584.38
9.84	59.7092	587.539
9.88	59.787	590.696
9.92	59.864	593.851
9.96	59.9402	597.005
10	60.0156	600.156
10.04	60.0902	603.306
10.08	60.164	606.453
10.12	60.2371	609.599
10.16	60.3093	612.743
10.2	60.3808	615.885
10.24	60.4516	619.024
10.28	60.5216	622.162
10.32	60.5908	625.298
10.36	60.6594	628.431
10.4	60.7272	631.563
10.44	60.7942	634.692
10.48	60.8606	637.819
10.52	60.9263	640.944
10.56	60.9912	644.067
10.6	61.0555	647.188
10.64	61.119	650.307
10.68	61.1819	653.423
10.72	61.2442	656.537
10.76	61.3057	659.649
10.8	61.3666	662.759
10.84	61.4268	665.867
10.88	61.4864	668.972
10.92	61.5454	672.076
10.96	61.6037	675.177
11	61.6614	678.275
11.04	61.7184	681.372
11.08	61.7749	684.466
11.12	61.8307	687.558
11.16	61.886	690.647
11.2	61.9406	693.735
11.24	61.9946	696.82
11.28	62.0481	699.902
11.32	62.101	702.983
11.36	62.1533	706.061
11.4	62.205	709.137
11.44	62.2561	712.21
11.48	62.3068	715.282
11.52	62.3568	718.35
11.56	62.4063	721.417
11.6	62.4553	724.481
11.64	62.5037	727.543
11.68	62.5516	730.603
11.72	62.599	733.66
11.76	62.6459	736.715
11.8	62.6922	739.768
11.84	62.7381	742.819
11.88	62.7834	745.867
11.92	62.8282	748.912
11.96	62.8726	751.956
12	62.9164	754.997
12.04	62.9598	758.036
12.08	63.0027	761.072
12.12	63.0451	764.107
12.16	63.0871	767.139
12.2	63.1286	770.168
12.24	63.1696	773.196
12.28	63.2102	776.221
12.32	63.2503	779.244
12.36	63.29	782.264
12.4	63.3292	785.282
12.44	63.368	788.298
12.48	63.4064	791.312
12.52	63.4444	794.323
12.56	63.4819	797.333
12.6	63.519	800.339
12.64	63.5557	803.344
12.68	63.592	806.347
12.72	63.6279	809.347
12.76	63.6634	812.345
12.8	63.6985	815.341
12.84	63.7332	818.334
12.88	63.7675	821.325
12.92	63.8014	824.314
12.96	63.835	827.301
13	63.8682	830.286
13.04	63.901	833.269
13.08	63.9334	836.249
13.12	63.9655	839.227
13.16	63.9972	842.203
13.2	64.0286	845.177
13.24	64.0596	848.149
13.28	64.0903	851.119
13.32	64.1206	854.086
13.36	64.1506	857.051
13.4	64.1802	860.015
13.44	64.2095	862.976
13.48	64.2385	865.935
13.52	64.2672	868.892
13.56	64.2955	871.847
13.6	64.3235	874.8
13.64	64.3512	877.75
13.68	64.3786	880.699
13.72	64.4057	883.646
13.76	64.4324	886.59
13.8	64.4589	889.533
13.84	64.4851	892.474
13.88	64.511	895.412
13.92	64.5365	898.349
13.96	64.5618	901.283
14	64.5869	904.216
14.04	64.6116	907.147
14.08	64.636	910.075
14.12	64.6602	913.002
14.16	64.6841	915.927
14.2	64.7077	918.85
14.24	64.7311	921.771
14.28	64.7542	924.69
14.32	64.777	927.607
14.36	64.7996	930.522
14.4	64.8219	933.436
14.44	64.844	936.347
14.48	64.8658	939.257
14.52	64.8874	942.164
14.56	64.9087	945.07
14.6	64.9298	947.975
14.64	64.9506	950.877
14.68	64.9712	953.777
14.72	64.9916	956.676
14.76	65.0117	959.573
14.8	65.0316	962.468
14.84	65.0513	965.361
14.88	65.0708	968.253
14.92	65.09	971.143
14.96	65.109	974.031
15	65.1278	976.917
15.04	65.1464	979.802
15.08	65.1648	982.685
15.12	65.183	985.566
15.16	65.2009	988.446
15.2	65.2187	991.324
15.24	65.2362	994.2
15.28	65.2536	997.074
15.32	65.2707	999.947
15.36	65.2877	1002.82
15.4	65.3044	1005.69
15.44	65.321	1008.56
15.48	65.3374	1011.42
15.52	65.3536	1014.29
15.56	65.3696	1017.15
15.6	65.3854	1020.01
15.64	65.4011	1022.87
15.68	65.4165	1025.73
15.72	65.4318	1028.59
15.76	65.4469	1031.44
15.8	65.4619	1034.3
15.84	65.4766	1037.15
15.88	65.4912	1040
15.92	65.5057	1042.85
15.96	65.5199	1045.7
16	65.534	1048.54
16.04	65.548	1051.39
16.08	65.5618	1054.23
16.12	65.5754	1057.08
16.16	65.5889	1059.92
16.2	65.6022	1062.76
16.24	65.6153	1065.59
16.28	65.6283	1068.43
16.32	65.6412	1071.26
16.36	65.6539	1074.1
16.4	65.6665	1076.93
16.44	65.6789	1079.76
16.48	65.6912	1082.59
16.52	65.7033	1085.42
16.56	65.7153	1088.25
16.6	65.7272	1091.07
16.64	65.7389	1093.9
16.68	65.7505	1096.72
16.72	65.7619	1099.54
16.76	65.7733	1102.36
16.8	65.7845	1105.18
16.84	65.7955	1108
16.88	65.8065	1110.81
16.92	65.8173	1113.63
16.96	65.828	1116.44
17	65.8385	1119.25
17.04	65.849	1122.07
17.08	65.8593	1124.88
17.12	65.8695	1127.69
17.16	65.8796	1130.49
17.2	65.8895	1133.3
17.24	65.8994	1136.11
17.28	65.9091	1138.91
17.32	65.9188	1141.71
17.36	65.9283	1144.51
17.4	65.9377	1147.32
17.44	65.947	1150.12
17.48	65.9562	1152.91
17.52	65.9653	1155.71
17.56	65.9742	1158.51
17.6	65.9831	1161.3
17.64	65.9919	1164.1
17.68	66.0006	1166.89
17.72	66.0091	1169.68
17.76	66.0176	1172.47
17.8	66.026	1175.26
17.84	66.0343	1178.05
17.88	66.0424	1180.84
17.92	66.0505	1183.63
17.96	66.0585	1186.41
18	66.0664	1189.2
18.04	66.0742	1191.98
18.08	66.082	1194.76
18.12	66.0896	1197.54
18.16	66.0971	1200.32
18.2	66.1046	1203.1
18.24	66.112	1205.88
18.28	66.1192	1208.66
18.32	66.1264	1211.44
18.36	66.1336	1214.21
18.4	66.1406	1216.99
18.44	66.1475	1219.76
18.48	66.1544	1222.53
18.52	66.1612	1225.31
18.56	66.1679	1228.08
18.6	66.1746	1230.85
18.64	66.1811	1233.62
18.68	66.1876	1236.38
18.72	66.194	1239.15
18.76	66.2003	1241.92
18.8	66.2066	1244.68
18.84	66.2128	1247.45
18.88	66.2189	1250.21
18.92	66.225	1252.98
18.96	66.2309	1255.74
19	66.2368	1258.5
19.04	66.2427	1261.26
19.08	66.2485	1264.02
19.12	66.2542	1266.78
19.16	66.2598	1269.54
19.2	66.2654	1272.3
19.24	66.2709	1275.05
19.28	66.2763	1277.81
19.32	66.2817	1280.56
19.36	66.287	1283.32
19.4	66.2923	1286.07
19.44	66.2975	1288.82
19.48	66.3026	1291.57
19.52	66.3077	1294.33
19.56	66.3127	1297.08
19.6	66.3177	1299.83
19.64	66.3226	1302.58
19.68	66.3274	1305.32
19.72	66.3322	1308.07
19.76	66.3369	1310.82
19.8	66.3416	1313.56
19.84	66.3462	1316.31
19.88	66.3508	1319.05
19.92	66.3553	1321.8
19.96	66.3598	1324.54
20	66.3642	1327.28
20.04	66.3685	1330.03
20.08	66.3729	1332.77
20.12	66.3771	1335.51
20.16	66.3813	1338.25
20.2	66.3855	1340.99
20.24	66.3896	1343.73
20.28	66.3937	1346.46
20.32	66.3977	1349.2
20.36	66.4017	1351.94
20.4	66.4056	1354.67
20.44	66.4095	1357.41
20.48	66.4133	1360.14
20.52	66.4171	1362.88
20.56	66.4208	1365.61
20.6	66.4245	1368.35
20.64	66.4282	1371.08
20.68	66.4318	1373.81
20.72	66.4354	1376.54
20.76	66.4389	1379.27
20.8	66.4424	1382
20.84	66.4459	1384.73
20.88	66.4493	1387.46
20.92	66.4526	1390.19
20.96	66.456	1392.92
21	66.4593	1395.64
21.04	66.4625	1398.37
21.08	66.4657	1401.1
21.12	66.4689	1403.82
21.16	66.4721	1406.55
21.2	66.4752	1409.27
21.24	66.4783	1412
21.28	66.4813	1414.72
21.32	66.4843	1417.44
21.36	66.4873	1420.17
21.4	66.4902	1422.89
21.44	66.4931	1425.61
21.48	66.4959	1428.33
21.52	66.4988	1431.05
21.56	66.5016	1433.77
21.6	66.5043	1436.49
21.64	66.5071	1439.21
21.68	66.5098	1441.93
21.72	66.5124	1444.65
21.76	66.5151	1447.37
21.8	66.5177	1450.09
21.84	66.5202	1452.8
21.88	66.5228	1455.52
21.92	66.5253	1458.23
21.96	66.5278	1460.95
22	66.5303	1463.67
22.04	66.5327	1466.38
22.08	66.5351	1469.09
22.12	66.5375	1471.81
22.16	66.5398	1474.52
22.2	66.5421	1477.24
22.24	66.5444	1479.95
22.28	66.5467	1482.66
22.32	66.5489	1485.37
22.36	66.5511	1488.08
22.4	66.5533	1490.79
22.44	66.5555	1493.51
22.48	66.5576	1496.22
22.52	66.5597	1498.93
22.56	66.5618	1501.63
22.6	66.5639	1504.34
22.64	66.5659	1507.05
22.68	66.5679	1509.76
22.72	66.5699	1512.47
22.76	66.5719	1515.18
22.8	66.5738	1517.88
22.84	66.5758	1520.59
22.88	66.5777	1523.3
22.92	66.5795	1526
22.96	66.5814	1528.71
23	66.5832	1531.41
23.04	66.585	1534.12
23.08	66.5868	1536.82
23.12	66.5886	1539.53
23.16	66.5904	1542.23
23.2	66.5921	1544.94
23.24	66.5938	1547.64
23.28	66.5955	1550.34
23.32	66.5972	1553.05
23.36	66.5988	1555.75
23.4	66.6004	1558.45
23.44	66.602	1561.15
23.48	66.6036	1563.85
23.52	66.6052	1566.55
23.56	66.6068	1569.26
23.6	66.6083	1571.96
23.64	66.6098	1574.66
23.68	66.6113	1577.36
23.72	66.6128	1580.06
23.76	66.6143	1582.76
23.8	66.6157	1585.45
23.84	66.6172	1588.15
23.88	66.6186	1590.85
23.92	66.62	1593.55
23.96	66.6214	1596.25
24	66.6227	1598.95
24.04	66.6241	1601.64
24.08	66.6254	1604.34
24.12	66.6268	1607.04
24.16	66.6281	1609.73
24.2	66.6293	1612.43
24.24	66.6306	1615.13
24.28	66.6319	1617.82
24.32	66.6331	1620.52
24.36	66.6344	1623.21
24.4	66.6356	1625.91
24.44	66.6368	1628.6
24.48	66.638	1631.3
24.52	66.6391	1633.99
24.56	66.6403	1636.69
24.6	66.6415	1639.38
24.64	66.6426	1642.07
24.68	66.6437	1644.77
24.72	66.6448	1647.46
24.76	66.6459	1650.15
24.8	66.647	1652.85
24.84	66.6481	1655.54
24.88	66.6491	1658.23
24.92	66.6502	1660.92
24.96	66.6512	1663.61
25	66.6522	1666.31
25.04	66.6532	1669
25.08	66.6542	1671.69
25.12	66.6552	1674.38
25.16	66.6562	1677.07
25.2	66.6571	1679.76
25.24	66.6581	1682.45
25.28	66.659	1685.14
25.32	66.66	1687.83
25.36	66.6609	1690.52
25.4	66.6618	1693.21
25.44	66.6627	1695.9
25.48	66.6636	1698.59
25.52	66.6645	1701.28
25.56	66.6653	1703.97
25.6	66.6662	1706.65
25.64	66.667	1709.34
25.68	66.6679	1712.03
25.72	66.6687	1714.72
25.76	66.6695	1717.41
25.8	66.6703	1720.09
25.84	66.6711	1722.78
25.88	66.6719	1725.47
25.92	66.6727	1728.16
25.96	66.6734	1730.84
26	66.6742	1733.53
26.04	66.675	1736.22
26.08	66.6757	1738.9
26.12	66.6764	1741.59
26.16	66.6772	1744.27
26.2	66.6779	1746.96
26.24	66.6786	1749.65
26.28	66.6793	1752.33
26.32	66.68	1755.02
26.36	66.6807	1757.7
26.4	66.6813	1760.39
26.44	66.682	1763.07
26.48	66.6827	1765.76
26.52	66.6833	1768.44
26.56	66.684	1771.13
26.6	66.6846	1773.81
26.64	66.6852	1776.49
26.68	66.6859	1779.18
26.72	66.6865	1781.86
26.76	66.6871	1784.55
26.8	66.6877	1787.23
26.84	66.6883	1789.91
26.88	66.6889	1792.6
26.92	66.6895	1795.28
26.96	66.69	1797.96
27	66.6906	1800.65
27.04	66.6912	1803.33
27.08	66.6917	1806.01
27.12	66.6923	1808.69
27.16	66.6928	1811.38
27.2	66.6933	1814.06
27.24	66.6939	1816.74
27.28	66.6944	1819.42
27.32	66.6949	1822.1
27.36	66.6954	1824.79
27.4	66.6959	1827.47
27.44	66.6964	1830.15
27.48	66.6969	1832.83
27.52	66.6974	1835.51
27.56	66.6979	1838.19
27.6	66.6984	1840.87
27.64	66.6988	1843.56
27.68	66.6993	1846.24
27.72	66.6998	1848.92
27.76	66.7002	1851.6
27.8	66.7007	1854.28
27.84	66.7011	1856.96
27.88	66.7015	1859.64
27.92	66.702	1862.32
27.96	66.7024	1865
28	66.7028	1867.68
28.04	66.7032	1870.36
28.08	66.7037	1873.04
28.12	66.7041	1875.72
28.16	66.7045	1878.4
28.2	66.7049	1881.08
28.24	66.7053	1883.76
28.28	66.7056	1886.44
28.32	66.706	1889.11
28.36	66.7064	1891.79
28.4	66.7068	1894.47
28.44	66.7072	1897.15
28.48	66.7075	1899.83
28.52	66.7079	1902.51
28.56	66.7083	1905.19
28.6	66.7086	1907.87
28.64	66.709	1910.54
28.68	66.7093	1913.22
28.72	66.7096	1915.9
28.76	66.71	1918.58
28.8	66.7103	1921.26
28.84	66.7107	1923.94
28.88	66.711	1926.61
28.92	66.7113	1929.29
28.96	66.7116	1931.97
29	66.7119	1934.65
29.04	66.7122	1937.32
29.08	66.7126	1940
29.12	66.7129	1942.68
29.16	66.7132	1945.36
29.2	66.7135	1948.03
29.24	66.7138	1950.71
29.28	66.714	1953.39
29.32	66.7143	1956.06
29.36	66.7146	1958.74
29.4	66.7149	1961.42
29.44	66.7152	1964.09
29.48	66.7154	1966.77
29.52	66.7157	1969.45
29.56	66.716	1972.12
29.6	66.7163	1974.8
29.64	66.7165	1977.48
29.68	66.7168	1980.15
29.72	66.717	1982.83
29.76	66.7173	1985.51
29.8	66.7175	1988.18
29.84	66.7178	1990.86
29.88	66.718	1993.53
29.92	66.7183	1996.21
29.96	66.7185	1998.89
30	66.7187	2001.56
30.04	66.719	2004.24
30.08	66.7192	2006.91
30.12	66.7194	2009.59
30.16	66.7196	2012.26
30.2	66.7199	2014.94
30.24	66.7201	2017.62
30.28	66.7203	2020.29
30.32	66.7205	2022.97
30.36	66.7207	2025.64
30.4	66.7209	2028.32
30.44	66.7211	2030.99
30.48	66.7214	2033.67
30.52	66.7216	2036.34
30.56	66.7218	2039.02
30.6	66.722	2041.69
30.64	66.7221	2044.37
30.68	66.7223	2047.04
30.72	66.7225	2049.72
30.76	66.7227	2052.39
30.8	66.7229	2055.07
30.84	66.7231	2057.74
30.88	66.7233	2060.41
30.92	66.7234	2063.09
30.96	66.7236	2065.76
31	66.7238	2068.44
31.04	66.724	2071.11
31.08	66.7241	2073.79
31.12	66.7243	2076.46
31.16	66.7245	2079.13
31.2	66.7246	2081.81
31.24	66.7248	2084.48
31.28	66.725	2087.16
31.32	66.7251	2089.83
31.36	66.7253	2092.51
31.4	66.7254	2095.18
31.44	66.7256	2097.85
31.48	66.7258	2100.53
31.52	66.7259	2103.2
31.56	66.7261	2105.87
31.6	66.7262	2108.55
31.64	66.7263	2111.22
31.68	66.7265	2113.9
31.72	66.7266	2116.57
31.76	66.7268	2119.24
31.8	66.7269	2121.92
31.84	66.727	2124.59
31.88	66.7272	2127.26
31.92	66.7273	2129.94
31.96	66.7274	2132.61
32	66.7276	2135.28
32.04	66.7277	2137.96
32.08	66.7278	2140.63
32.12	66.728	2143.3
32.16	66.7281	2145.98
32.2	66.7282	2148.65
32.24	66.7283	2151.32
32.28	66.7285	2153.99
32.32	66.7286	2156.67
32.36	66.7287	2159.34
32.4	66.7288	2162.01
32.44	66.7289	2164.69
32.48	66.729	2167.36
32.52	66.7291	2170.03
32.56	66.7293	2172.7
32.6	66.7294	2175.38
32.64	66.7295	2178.05
32.68	66.7296	2180.72
32.72	66.7297	2183.4
32.76	66.7298	2186.07
32.8	66.7299	2188.74
32.84	66.73	2191.41
32.88	66.7301	2194.09
32.92	66.7302	2196.76
32.96	66.7303	2199.43
33	66.7304	2202.1
33.04	66.7305	2204.78
33.08	66.7306	2207.45
33.12	66.7307	2210.12
33.16	66.7308	2212.79
33.2	66.7309	2215.46
33.24	66.731	2218.14
33.28	66.731	2220.81
33.32	66.7311	2223.48
33.36	66.7312	2226.15
33.4	66.7313	2228.83
33.44	66.7314	2231.5
33.48	66.7315	2234.17
33.52	66.7316	2236.84
33.56	66.7316	2239.51
33.6	66.7317	2242.19
33.64	66.7318	2244.86
33.68	66.7319	2247.53
33.72	66.732	2250.2
33.76	66.732	2252.87
33.8	66.7321	2255.55
33.84	66.7322	2258.22
33.88	66.7323	2260.89
33.92	66.7324	2263.56
33.96	66.7324	2266.23
34	66.7325	2268.9
34.04	66.7326	2271.58
34.08	66.7326	2274.25
34.12	66.7327	2276.92
34.16	66.7328	2279.59
34.2	66.7328	2282.26
34.24	66.7329	2284.94
34.28	66.733	2287.61
34.32	66.733	2290.28
34.36	66.7331	2292.95
34.4	66.7332	2295.62
34.44	66.7332	2298.29
34.48	66.7333	2300.96
34.52	66.7334	2303.64
34.56	66.7334	2306.31
34.6	66.7335	2308.98
34.64	66.7336	2311.65
34.68	66.7336	2314.32
34.72	66.7337	2316.99
34.76	66.7337	2319.66
34.8	66.7338	2322.34
34.84	66.7338	2325.01
34.88	66.7339	2327.68
34.92	66.734	2330.35
34.96	66.734	2333.02
35	66.7341	2335.69
35.04	66.7341	2338.36
35.08	66.7342	2341.03
35.12	66.7342	2343.71
35.16	66.7343	2346.38
35.2	66.7343	2349.05
35.24	66.7344	2351.72
35.28	66.7344	2354.39
35.32	66.7345	2357.06
35.36	66.7345	2359.73
35.4	66.7346	2362.4
35.44	66.7346	2365.07
35.48	66.7347	2367.75
35.52	66.7347	2370.42
35.56	66.7348	2373.09
35.6	66.7348	2375.76
35.64	66.7348	2378.43
35.68	66.7349	2381.1
35.72	66.7349	2383.77
35.76	66.735	2386.44
35.8	66.735	2389.11
35.84	66.7351	2391.78
35.88	66.7351	2394.46
35.92	66.7351	2397.13
35.96	66.7352	2399.8
36	66.7352	2402.47
36.04	66.7353	2405.14
36.08	66.7353	2407.81
36.12	66.7353	2410.48
36.16	66.7354	2413.15
36.2	66.7354	2415.82
36.24	66.7355	2418.49
36.28	66.7355	2421.16
36.32	66.7355	2423.83
36.36	66.7356	2426.51
36.4	66.7356	2429.18
36.44	66.7356	2431.85
36.48	66.7357	2434.52
36.52	66.7357	2437.19
36.56	66.7357	2439.86
36.6	66.7358	2442.53
36.64	66.7358	2445.2
36.68	66.7358	2447.87
36.72	66.7359	2450.54
36.76	66.7359	2453.21
36.8	66.7359	2455.88
36.84	66.736	2458.55
36.88	66.736	2461.22
36.92	66.736	2463.89
36.96	66.7361	2466.57
37	66.7361	2469.24
37.04	66.7361	2471.91
37.08	66.7362	2474.58
37.12	66.7362	2477.25
37.16	66.7362	2479.92
37.2	66.7362	2482.59
37.24	66.7363	2485.26
37.28	66.7363	2487.93
37.32	66.7363	2490.6
37.36	66.7364	2493.27
37.4	66.7364	2495.94
37.44	66.7364	2498.61
37.48	66.7364	2501.28
37.52	66.7365	2503.95
37.56	66.7365	2506.62
37.6	66.7365	2509.29
37.64	66.7365	2511.96
37.68	66.7366	2514.63
37.72	66.7366	2517.3
37.76	66.7366	2519.97
37.8	66.7366	2522.64
37.84	66.7367	2525.32
37.88	66.7367	2527.99
37.92	66.7367	2530.66
37.96	66.7367	2533.33
38	66.7367	2536
38.04	66.7368	2538.67
38.08	66.7368	2541.34
38.12	66.7368	2544.01
38.16	66.7368	2546.68
38.2	66.7369	2549.35
38.24	66.7369	2552.02
38.28	66.7369	2554.69
38.32	66.7369	2557.36
38.36	66.7369	2560.03
38.4	66.737	2562.7
38.44	66.737	2565.37
38.48	66.737	2568.04
38.52	66.737	2570.71
38.56	66.737	2573.38
38.6	66.7371	2576.05
38.64	66.7371	2578.72
38.68	66.7371	2581.39
38.72	66.7371	2584.06
38.76	66.7371	2586.73
38.8	66.7371	2589.4
38.84	66.7372	2592.07
38.88	66.7372	2594.74
38.92	66.7372	2597.41
38.96	66.7372	2600.08
39	66.7372	2602.75
39.04	66.7372	2605.42
39.08	66.7373	2608.09
39.12	66.7373	2610.76
39.16	66.7373	2613.43
39.2	66.7373	2616.1
39.24	66.7373	2618.77
39.28	66.7373	2621.44
39.32	66.7374	2624.11
39.36	66.7374	2626.78
39.4	66.7374	2629.45
39.44	66.7374	2632.12
39.48	66.7374	2634.79
39.52	66.7374	2637.46
39.56	66.7374	2640.13
39.6	66.7375	2642.8
39.64	66.7375	2645.47
39.68	66.7375	2648.14
39.72	66.7375	2650.81
39.76	66.7375	2653.48
39.8	66.7375	2656.15
39.84	66.7375	2658.82
39.88	66.7376	2661.49
39.92	66.7376	2664.16
39.96	66.7376	2666.83
40	66.7376	2669.5
40.04	66.7376	2672.17
40.08	66.7376	2674.84
40.12	66.7376	2677.51
40.16	66.7376	2680.18
40.2	66.7377	2682.85
40.24	66.7377	2685.52
40.28	66.7377	2688.19
40.32	66.7377	2690.86
40.36	66.7377	2693.53
40.4	66.7377	2696.2
40.44	66.7377	2698.87
40.48	66.7377	2701.54
40.52	66.7377	2704.21
40.56	66.7378	2706.88
40.6	66.7378	2709.55
40.64	66.7378	2712.22
40.68	66.7378	2714.89
40.72	66.7378	2717.56
40.76	66.7378	2720.23
40.8	66.7378	2722.9
40.84	66.7378	2725.57
40.88	66.7378	2728.24
40.92	66.7378	2730.91
40.96	66.7379	2733.58
41	66.7379	2736.25
41.04	66.7379	2738.92
41.08	66.7379	2741.59
41.12	66.7379	2744.26
41.16	66.7379	2746.93
41.2	66.7379	2749.6
41.24	66.7379	2752.27
41.28	66.7379	2754.94
41.32	66.7379	2757.61
41.36	66.7379	2760.28
41.4	66.7379	2762.95
41.44	66.738	2765.62
41.48	66.738	2768.29
41.52	66.738	2770.96
41.56	66.738	2773.63
41.6	66.738	2776.3
41.64	66.738	2778.97
41.68	66.738	2781.64
41.72	66.738	2784.31
41.76	66.738	2786.98
41.8	66.738	2789.65
41.84	66.738	2792.32
41.88	66.738	2794.99
41.92	66.738	2797.66
41.96	66.7381	2800.33
42	66.7381	2803
42.04	66.7381	2805.67
42.08	66.7381	2808.34
42.12	66.7381	2811.01
42.16	66.7381	2813.68
42.2	66.7381	2816.35
42.24	66.7381	2819.02
42.28	66.7381	2821.69
42.32	66.7381	2824.36
42.36	66.7381	2827.03
42.4	66.7381	2829.7
42.44	66.7381	2832.37
42.48	66.7381	2835.04
42.52	66.7381	2837.71
42.56	66.7382	2840.38
42.6	66.7382	2843.05
42.64	66.7382	2845.72
42.68	66.7382	2848.39
42.72	66.7382	2851.05
42.76	66.7382	2853.72
42.8	66.7382	2856.39
42.84	66.7382	2859.06
42.88	66.7382	2861.73
42.92	66.7382	2864.4
42.96	66.7382	2867.07
43	66.7382	2869.74
43.04	66.7382	2872.41
43.08	66.7382	2875.08
43.12	66.7382	2877.75
43.16	66.7382	2880.42
43.2	66.7382	2883.09
43.24	66.7382	2885.76
43.28	66.7382	2888.43
43.32	66.7383	2891.1
43.36	66.7383	2893.77
43.4	66.7383	2896.44
43.44	66.7383	2899.11
43.48	66.7383	2901.78
43.52	66.7383	2904.45
43.56	66.7383	2907.12
43.6	66.7383	2909.79
43.64	66.7383	2912.46
43.68	66.7383	2915.13
43.72	66.7383	2917.8
43.76	66.7383	2920.47
43.8	66.7383	2923.14
43.84	66.7383	2925.81
43.88	66.7383	2928.48
43.92	66.7383	2931.15
43.96	66.7383	2933.82
44	66.7383	2936.49
44.04	66.7383	2939.16
44.08	66.7383	2941.83
44.12	66.7383	2944.5
44.16	66.7383	2947.17
44.2	66.7383	2949.83
44.24	66.7383	2952.5
44.28	66.7383	2955.17
44.32	66.7384	2957.84
44.36	66.7384	2960.51
44.4	66.7384	2963.18
44.44	66.7384	2965.85
44.48	66.7384	2968.52
44.52	66.7384	2971.19
44.56	66.7384	2973.86
44.6	66.7384	2976.53
44.64	66.7384	2979.2
44.68	66.7384	2981.87
44.72	66.7384	2984.54
44.76	66.7384	2987.21
44.8	66.7384	2989.88
44.84	66.7384	2992.55
44.88	66.7384	2995.22
44.92	66.7384	2997.89
44.96	66.7384	3000.56
45	66.7384	3003.23
45.04	66.7384	3005.9
45.08	66.7384	3008.57
45.12	66.7384	3011.24
45.16	66.7384	3013.91
45.2	66.7384	3016.58
45.24	66.7384	3019.25
45.28	66.7384	3021.92
45.32	66.7384	3024.59
45.36	66.7384	3027.26
45.4	66.7384	3029.92
45.44	66.7384	3032.59
45.48	66.7384	3035.26
45.52	66.7384	3037.93
45.56	66.7384	3040.6
45.6	66.7384	3043.27
45.64	66.7384	3045.94
45.68	66.7385	3048.61
45.72	66.7385	3051.28
45.76	66.7385	3053.95
45.8	66.7385	3056.62
45.84	66.7385	3059.29
45.88	66.7385	3061.96
45.92	66.7385	3064.63
45.96	66.7385	3067.3
46	66.7385	3069.97
46.04	66.7385	3072.64
46.08	66.7385	3075.31
46.12	66.7385	3077.98
46.16	66.7385	3080.65
46.2	66.7385	3083.32
46.24	66.7385	3085.99
46.28	66.7385	3088.66
46.32	66.7385	3091.33
46.36	66.7385	3094
46.4	66.7385	3096.67
46.44	66.7385	3099.34
46.48	66.7385	3102.01
46.52	66.7385	3104.67
46.56	66.7385	3107.34
46.6	66.7385	3110.01
46.64	66.7385	3112.68
46.68	66.7385	3115.35
46.72	66.7385	3118.02
46.76	66.7385	3120.69
46.8	66.7385	3123.36
46.84	66.7385	3126.03
46.88	66.7385	3128.7
46.92	66.7385	3131.37
46.96	66.7385	3134.04
47	66.7385	3136.71
47.04	66.7385	3139.38
47.08	66.7385	3142.05
47.12	66.7385	3144.72
47.16	66.7385	3147.39
47.2	66.7385	3150.06
47.24	66.7385	3152.73
47.28	66.7385	3155.4
47.32	66.7385	3158.07
47.36	66.7385	3160.74
47.4	66.7385	3163.41
47.44	66.7385	3166.08
47.48	66.7385	3168.75
47.52	66.7385	3171.42
47.56	66.7385	3174.08
47.6	66.7385	3176.75
47.64	66.7385	3179.42
47.68	66.7385	3182.09
47.72	66.7385	3184.76
47.76	66.7385	3187.43
47.8	66.7385	3190.1
47.84	66.7385	3192.77
47.88	66.7385	3195.44
47.92	66.7385	3198.11
47.96	66.7385	3200.78
48	66.7385	3203.45
48.04	66.7386	3206.12
48.08	66.7386	3208.79
48.12	66.7386	3211.46
48.16	66.7386	3214.13
48.2	66.7386	3216.8
48.24	66.7386	3219.47
48.28	66.7386	3222.14
48.32	66.7386	3224.81
48.36	66.7386	3227.48
48.4	66.7386	3230.15
48.44	66.7386	3232.82
48.48	66.7386	3235.49
48.52	66.7386	3238.16
48.56	66.7386	3240.82
48.6	66.7386	3243.49
48.64	66.7386	3246.16
48.68	66.7386	3248.83
48.72	66.7386	3251.5
48.76	66.7386	3254.17
48.8	66.7386	3256.84
48.84	66.7386	3259.51
48.88	66.7386	3262.18
48.92	66.7386	3264.85
48.96	66.7386	3267.52
49	66.7386	3270.19
49.04	66.7386	3272.86
49.08	66.7386	3275.53
49.12	66.7386	3278.2
49.16	66.7386	3280.87
49.2	66.7386	3283.54
49.24	66.7386	3286.21
49.28	66.7386	3288.88
49.32	66.7386	3291.55
49.36	66.7386	3294.22
49.4	66.7386	3296.89
49.44	66.7386	3299.56
49.48	66.7386	3302.23
49.52	66.7386	3304.89
49.56	66.7386	3307.56
49.6	66.7386	3310.23
49.64	66.7386	3312.9
49.68	66.7386	3315.57
49.72	66.7386	3318.24
49.76	66.7386	3320.91
49.8	66.7386	3323.58
49.84	66.7386	3326.25
49.88	66.7386	3328.92
49.92	66.7386	3331.59
49.96	66.7386	3334.26
50	66.7386	3336.93
50.04	66.7386	3339.6
50.08	66.7386	3342.27
50.12	66.7386	3344.94
50.16	66.7386	3347.61
50.2	66.7386	3350.28
50.24	66.7386	3352.95
50.28	66.7386	3355.62
50.32	66.7386	3358.29
50.36	66.7386	3360.96
50.4	66.7386	3363.63
50.44	66.7386	3366.3
50.48	66.7386	3368.96
50.52	66.7386	3371.63
50.56	66.7386	3374.3
50.6	66.7386	3376.97
50.64	66.7386	3379.64
50.68	66.7386	3382.31
50.72	66.7386	3384.98
50.76	66.7386	3387.65
50.8	66.7386	3390.32
50.84	66.7386	3392.99
50.88	66.7386	3395.66
50.92	66.7386	3398.33
50.96	66.7386	3401
51	66.7386	3403.67
51.04	66.7386	3406.34
51.08	66.7386	3409.01
51.12	66.7386	3411.68
51.16	66.7386	3414.35
51.2	66.7386	3417.02
51.24	66.7386	3419.69
51.28	66.7386	3422.36
51.32	66.7386	3425.03
51.36	66.7386	3427.7
51.4	66.7386	3430.36
51.44	66.7386	3433.03
51.48	66.7386	3435.7
51.52	66.7386	3438.37
51.56	66.7386	3441.04
51.6	66.7386	3443.71
51.64	66.7386	3446.38
51.68	66.7386	3449.05
51.72	66.7386	3451.72
51.76	66.7386	3454.39
51.8	66.7386	3457.06
51.84	66.7386	3459.73
51.88	66.7386	3462.4
51.92	66.7386	3465.07
51.96	66.7386	3467.74
52	66.7386	3470.41
52.04	66.7386	3473.08
52.08	66.7386	3475.75
52.12	66.7386	3478.42
52.16	66.7386	3481.09
52.2	66.7386	3483.76
52.24	66.7386	3486.43
52.28	66.7386	3489.1
52.32	66.7386	3491.76
52.36	66.7386	3494.43
52.4	66.7386	3497.1
52.44	66.7386	3499.77
52.48	66.7386	3502.44
52.52	66.7386	3505.11
52.56	66.7386	3507.78
52.6	66.7386	3510.45
52.64	66.7386	3513.12
52.68	66.7386	3515.79
52.72	66.7386	3518.46
52.76	66.7386	3521.13
52.8	66.7386	3523.8
52.84	66.7386	3526.47
52.88	66.7386	3529.14
52.92	66.7386	3531.81
52.96	66.7386	3534.48
53	66.7386	3537.15
53.04	66.7386	3539.82
53.08	66.7386	3542.49
53.12	66.7386	3545.16
53.16	66.7386	3547.83
53.2	66.7386	3550.5
53.24	66.7386	3553.16
53.28	66.7386	3555.83
53.32	66.7386	3558.5
53.36	66.7386	3561.17
53.4	66.7386	3563.84
53.44	66.7386	3566.51
53.48	66.7386	3569.18
53.52	66.7386	3571.85
53.56	66.7386	3574.52
53.6	66.7386	3577.19
53.64	66.7386	3579.86
53.68	66.7386	3582.53
53.72	66.7386	3585.2
53.76	66.7386	3587.87
53.8	66.7386	3590.54
53.84	66.7386	3593.21
53.88	66.7386	3595.88
53.92	66.7386	3598.55
53.96	66.7386	3601.22
54	66.7386	3603.89
54.04	66.7386	3606.56
54.08	66.7386	3609.23
54.12	66.7386	3611.89
54.16	66.7386	3614.56
54.2	66.7386	3617.23
54.24	66.7386	3619.9
54.28	66.7386	3622.57
54.32	66.7386	3625.24
54.36	66.7386	3627.91
54.4	66.7386	3630.58
54.44	66.7386	3633.25
54.48	66.7386	3635.92
54.52	66.7386	3638.59
54.56	66.7386	3641.26
54.6	66.7386	3643.93
54.64	66.7386	3646.6
54.68	66.7386	3649.27
54.72	66.7386	3651.94
54.76	66.7386	3654.61
54.8	66.7386	3657.28
54.84	66.7386	3659.95
54.88	66.7386	3662.62
54.92	66.7386	3665.29
54.96	66.7386	3667.96
55	66.7386	3670.63
55.04	66.7386	3673.29
55.08	66.7386	3675.96
55.12	66.7386	3678.63
55.16	66.7386	3681.3
55.2	66.7386	3683.97
55.24	66.7386	3686.64
55.28	66.7386	3689.31
55.32	66.7386	3691.98
55.36	66.7386	3694.65
55.4	66.7386	3697.32
55.44	66.7386	3699.99
55.48	66.7386	3702.66
55.52	66.7386	3705.33
55.56	66.7386	3708
55.6	66.7386	3710.67
55.64	66.7386	3713.34
55.68	66.7386	3716.01
55.72	66.7386	3718.68
55.76	66.7386	3721.35
55.8	66.7386	3724.02
55.84	66.7386	3726.69
55.88	66.7386	3729.36
55.92	66.7386	3732.02
55.96	66.7386	3734.69
56	66.7386	3737.36
56.04	66.7386	3740.03
56.08	66.7386	3742.7
56.12	66.7386	3745.37
56.16	66.7386	3748.04
56.2	66.7386	3750.71
56.24	66.7386	3753.38
56.28	66.7386	3756.05
56.32	66.7386	3758.72
56.36	66.7386	3761.39
56.4	66.7386	3764.06
56.44	66.7386	3766.73
56.48	66.7386	3769.4
56.52	66.7386	3772.07
56.56	66.7386	3774.74
56.6	66.7386	3777.41
56.64	66.7386	3780.08
56.68	66.7386	3782.75
56.72	66.7386	3785.42
56.76	66.7386	3788.09
56.8	66.7386	3790.75
56.84	66.7386	3793.42
56.88	66.7386	3796.09
56.92	66.7386	3798.76
56.96	66.7386	3801.43
57	66.7386	3804.1
57.04	66.7386	3806.77
57.08	66.7386	3809.44
57.12	66.7386	3812.11
57.16	66.7386	3814.78
57.2	66.7386	3817.45
57.24	66.7386	3820.12
57.28	66.7386	3822.79
57.32	66.7386	3825.46
57.36	66.7386	3828.13
57.4	66.7386	3830.8
57.44	66.7386	3833.47
57.48	66.7386	3836.14
57.52	66.7386	3838.81
57.56	66.7386	3841.48
57.6	66.7386	3844.15
57.64	66.7386	3846.82
57.68	66.7386	3849.48
57.72	66.7386	3852.15
57.76	66.7386	3854.82
57.8	66.7386	3857.49
57.84	66.7386	3860.16
57.88	66.7386	3862.83
57.92	66.7386	3865.5
57.96	66.7386	3868.17
58	66.7386	3870.84
58.04	66.7386	3873.51
58.08	66.7386	3876.18
58.12	66.7386	3878.85
58.16	66.7386	3881.52
58.2	66.7386	3884.19
58.24	66.7386	3886.86
58.28	66.7386	3889.53
58.32	66.7386	3892.2
58.36	66.7386	3894.87
58.4	66.7386	3897.54
58.44	66.7386	3900.21
58.48	66.7386	3902.88
58.52	66.7386	3905.55
58.56	66.7386	3908.22
58.6	66.7386	3910.88
58.64	66.7386	3913.55
58.68	66.7386	3916.22
58.72	66.7386	3918.89
58.76	66.7386	3921.56
58.8	66.7386	3924.23
58.84	66.7386	3926.9
58.88	66.7386	3929.57
58.92	66.7386	3932.24
58.96	66.7386	3934.91
59	66.7386	3937.58
59.04	66.7386	3940.25
59.08	66.7386	3942.92
59.12	66.7386	3945.59
59.16	66.7386	3948.26
59.2	66.7386	3950.93
59.24	66.7386	3953.6
59.28	66.7386	3956.27
59.32	66.7386	3958.94
59.36	66.7386	3961.61
59.4	66.7386	3964.28
59.44	66.7386	3966.95
59.48	66.7386	3969.61
59.52	66.7386	3972.28
59.56	66.7386	3974.95
59.6	66.7386	3977.62
59.64	66.7386	3980.29
59.68	66.7386	3982.96
59.72	66.7386	3985.63
59.76	66.7386	3988.3
59.8	66.7386	3990.97
59.84	66.7386	3993.64
59.88	66.7386	3996.31
59.92	66.7386	3998.98
59.96	66.7386	4001.65
60	66.7386	4004.32
60.04	66.7386	4006.99
60.08	66.7386	4009.66
60.12	66.7386	4012.33
60.16	66.7386	4015
60.2	66.7386	4017.67
60.24	66.7386	4020.34
60.28	66.7386	4023.01
60.32	66.7386	4025.68
60.36	66.7386	4028.34
60.4	66.7386	4031.01
60.44	66.7386	4033.68
60.48	66.7386	4036.35
60.52	66.7386	4039.02
60.56	66.7386	4041.69
60.6	66.7386	4044.36
60.64	66.7386	4047.03
60.68	66.7386	4049.7
60.72	66.7386	4052.37
60.76	66.7386	4055.04
60.8	66.7386	4057.71
60.84	66.7386	4060.38
60.88	66.7386	4063.05
60.92	66.7386	4065.72
60.96	66.7386	4068.39
61	66.7386	4071.06
61.04	66.7386	4073.73
61.08	66.7386	4076.4
61.12	66.7386	4079.07
61.16	66.7386	4081.74
61.2	66.7386	4084.41
61.24	66.7386	4087.07
61.28	66.7386	4089.74
61.32	66.7386	4092.41
61.36	66.7386	4095.08
61.4	66.7386	4097.75
61.44	66.7386	4100.42
61.48	66.7386	4103.09
61.52	66.7386	4105.76
61.56	66.7386	4108.43
61.6	66.7386	4111.1
61.64	66.7386	4113.77
61.68	66.7386	4116.44
61.72	66.7386	4119.11
61.76	66.7386	4121.78
61.8	66.7386	4124.45
61.84	66.7386	4127.12
61.88	66.7386	4129.79
61.92	66.7386	4132.46
61.96	66.7386	4135.13
62	66.7386	4137.8
62.04	66.7386	4140.47
62.08	66.7386	4143.14
62.12	66.7386	4145.8
62.16	66.7386	4148.47
62.2	66.7386	4151.14
62.24	66.7386	4153.81
62.28	66.7386	4156.48
62.32	66.7386	4159.15
62.36	66.7386	4161.82
62.4	66.7386	4164.49
62.44	66.7386	4167.16
62.48	66.7386	4169.83
62.52	66.7386	4172.5
62.56	66.7386	4175.17
62.6	66.7386	4177.84
62.64	66.7386	4180.51
62.68	66.7386	4183.18
62.72	66.7386	4185.85
62.76	66.7386	4188.52
62.8	66.7386	4191.19
62.84	66.7386	4193.86
62.88	66.7386	4196.53
62.92	66.7386	4199.2
62.96	66.7386	4201.87
63	66.7386	4204.53
63.04	66.7386	4207.2
63.08	66.7386	4209.87
63.12	66.7386	4212.54
63.16	66.7386	4215.21
63.2	66.7386	4217.88
63.24	66.7386	4220.55
63.28	66.7386	4223.22
63.32	66.7386	4225.89
63.36	66.7386	4228.56
63.4	66.7386	4231.23
63.44	66.7386	4233.9
63.48	66.7386	4236.57
63.52	66.7386	4239.24
63.56	66.7386	4241.91
63.6	66.7386	4244.58
63.64	66.7386	4247.25
63.68	66.7386	4249.92
63.72	66.7386	4252.59
63.76	66.7386	4255.26
63.8	66.7386	4257.93
63.84	66.7386	4260.6
63.88	66.7386	4263.26
63.92	66.7386	4265.93
63.96	66.7386	4268.6
64	66.7386	4271.27
64.04	66.7386	4273.94
64.08	66.7386	4276.61
64.12	66.7386	4279.28
64.16	66.7386	4281.95
64.2	66.7386	4284.62
64.24	66.7386	4287.29
64.28	66.7386	4289.96
64.32	66.7386	4292.63
64.36	66.7386	4295.3
64.4	66.7386	4297.97
64.44	66.7386	4300.64
64.48	66.7386	4303.31
64.52	66.7386	4305.98
64.56	66.7386	4308.65
64.6	66.7386	4311.32
64.64	66.7386	4313.99
64.68	66.7386	4316.66
64.72	66.7386	4319.33
64.76	66.7386	4321.99
64.8	66.7386	4324.66
64.84	66.7386	4327.33
64.88	66.7386	4330
64.92	66.7386	4332.67
64.96	66.7386	4335.34
65	66.7386	4338.01
65.04	66.7386	4340.68
65.08	66.7386	4343.35
65.12	66.7386	4346.02
65.16	66.7386	4348.69
65.2	66.7386	4351.36
65.24	66.7386	4354.03
65.28	66.7386	4356.7
65.32	66.7386	4359.37
65.36	66.7386	4362.04
65.4	66.7386	4364.71
65.44	66.7386	4367.38
65.48	66.7386	4370.05
65.52	66.7386	4372.72
65.56	66.7386	4375.39
65.6	66.7386	4378.06
65.64	66.7386	4380.72
65.68	66.7386	4383.39
65.72	66.7386	4386.06
65.76	66.7386	4388.73
65.8	66.7386	4391.4
65.84	66.7386	4394.07
65.88	66.7386	4396.74
65.92	66.7386	4399.41
65.96	66.7386	4402.08
66	66.7386	4404.75
66.04	66.7386	4407.42
66.08	66.7386	4410.09
66.12	66.7386	4412.76
66.16	66.7386	4415.43
66.2	66.7386	4418.1
66.24	66.7386	4420.77
66.28	66.7386	4423.44
66.32	66.7386	4426.11
66.36	66.7386	4428.78
66.4	66.7386	4431.45
66.44	66.7386	4434.12
66.48	66.7386	4436.79
66.52	66.7386	4439.45
66.56	66.7386	4442.12
66.6	66.7386	4444.79
66.64	66.7386	4447.46
66.68	66.7386	4450.13
66.72	66.7386	4452.8
66.76	66.7386	4455.47
66.8	66.7386	4458.14
66.84	66.7386	4460.81
66.88	66.7386	4463.48
66.92	66.7386	4466.15
66.96	66.7386	4468.82
67	66.7386	4471.49
67.04	66.7386	4474.16
67.08	66.7386	4476.83
67.12	66.7386	4479.5
67.16	66.7386	4482.17
67.2	66.7386	4484.84
67.24	66.7386	4487.51
67.28	66.7386	4490.18
67.32	66.7386	4492.85
67.36	66.7386	4495.52
67.4	66.7386	4498.18
67.44	66.7386	4500.85
67.48	66.7386	4503.52
67.52	66.7386	4506.19
67.56	66.7386	4508.86
67.6	66.7386	4511.53
67.64	66.7386	4514.2
67.68	66.7386	4516.87
67.72	66.7386	4519.54
67.76	66.7386	4522.21
67.8	66.7386	4524.88
67.84	66.7386	4527.55
67.88	66.7386	4530.22
67.92	66.7386	4532.89
67.96	66.7386	4535.56
68	66.7386	4538.23
68.04	66.7386	4540.9
68.08	66.7386	4543.57
68.12	66.7386	4546.24
68.16	66.7386	4548.91
68.2	66.7386	4551.58
68.24	66.7386	4554.25
68.28	66.7386	4556.92
68.32	66.7386	4559.58
68.36	66.7386	4562.25
68.4	66.7386	4564.92
68.44	66.7386	4567.59
68.48	66.7386	4570.26
68.52	66.7386	4572.93
68.56	66.7386	4575.6
68.6	66.7386	4578.27
68.64	66.7386	4580.94
68.68	66.7386	4583.61
68.72	66.7386	4586.28
68.76	66.7386	4588.95
68.8	66.7386	4591.62
68.84	66.7386	4594.29
68.88	66.7386	4596.96
68.92	66.7386	4599.63
68.96	66.7386	4602.3
69	66.7386	4604.97
69.04	66.7386	4607.64
69.08	66.7386	4610.31
69.12	66.7386	4612.98
69.16	66.7386	4615.65
69.2	66.7386	4618.31
69.24	66.7386	4620.98
69.28	66.7386	4623.65
69.32	66.7386	4626.32
69.36	66.7386	4628.99
69.4	66.7386	4631.66
69.44	66.7386	4634.33
69.48	66.7386	4637
69.52	66.7386	4639.67
69.56	66.7386	4642.34
69.6	66.7386	4645.01
69.64	66.7386	4647.68
69.68	66.7386	4650.35
69.72	66.7386	4653.02
69.76	66.7386	4655.69
69.8	66.7386	4658.36
69.84	66.7386	4661.03
69.88	66.7386	4663.7
69.92	66.7386	4666.37
69.96	66.7386	4669.04
70	66.7386	4671.71
70.04	66.7386	4674.38
70.08	66.7386	4677.04
70.12	66.7386	4679.71
70.16	66.7386	4682.38
70.2	66.7386	4685.05
70.24	66.7386	4687.72
70.28	66.7386	4690.39
70.32	66.7386	4693.06
70.36	66.7386	4695.73
70.4	66.7386	4698.4
70.44	66.7386	4701.07
70.48	66.7386	4703.74
70.52	66.7386	4706.41
70.56	66.7386	4709.08
70.6	66.7386	4711.75
70.64	66.7386	4714.42
70.68	66.7386	4717.09
70.72	66.7386	4719.76
70.76	66.7386	4722.43
70.8	66.7386	4725.1
70.84	66.7386	4727.77
70.88	66.7386	4730.44
70.92	66.7386	4733.11
70.96	66.7386	4735.77
71	66.7386	4738.44
71.04	66.7386	4741.11
71.08	66.7386	4743.78
71.12	66.7386	4746.45
71.16	66.7386	4749.12
71.2	66.7386	4751.79
71.24	66.7386	4754.46
71.28	66.7386	4757.13
71.32	66.7386	4759.8
71.36	66.7386	4762.47
71.4	66.7386	4765.14
71.44	66.7386	4767.81
71.48	66.7386	4770.48
71.52	66.7386	4773.15
71.56	66.7386	4775.82
71.6	66.7386	4778.49
71.64	66.7386	4781.16
71.68	66.7386	4783.83
71.72	66.7386	4786.5
71.76	66.7386	4789.17
71.8	66.7386	4791.84
71.84	66.7386	4794.5
71.88	66.7386	4797.17
71.92	66.7386	4799.84
71.96	66.7386	4802.51
72	66.7386	4805.18
72.04	66.7386	4807.85
72.08	66.7386	4810.52
72.12	66.7386	4813.19
72.16	66.7386	4815.86
72.2	66.7386	4818.53
72.24	66.7386	4821.2
72.28	66.7386	4823.87
72.32	66.7386	4826.54
72.36	66.7386	4829.21
72.4	66.7386	4831.88
72.44	66.7386	4834.55
72.48	66.7386	4837.22
72.52	66.7386	4839.89
72.56	66.7386	4842.56
72.6	66.7386	4845.23
72.64	66.7386	4847.9
72.68	66.7387	4850.57
72.72	66.7387	4853.23
72.76	66.7387	4855.9
72.8	66.7387	4858.57
72.84	66.7387	4861.24
72.88	66.7387	4863.91
72.92	66.7387	4866.58
72.96	66.7387	4869.25
73	66.7387	4871.92
73.04	66.7387	4874.59
73.08	66.7387	4877.26
73.12	66.7387	4879.93
73.16	66.7387	4882.6
73.2	66.7387	4885.27
73.24	66.7387	4887.94
73.28	66.7387	4890.61
73.32	66.7387	4893.28
73.36	66.7387	4895.95
73.4	66.7387	4898.62
73.44	66.7387	4901.29
73.48	66.7387	4903.96
73.52	66.7387	4906.63
73.56	66.7387	4909.3
73.6	66.7387	4911.96
73.64	66.7387	4914.63
73.68	66.7387	4917.3
73.72	66.7387	4919.97
73.76	66.7387	4922.64
73.8	66.7387	4925.31
73.84	66.7387	4927.98
73.88	66.7387	4930.65
73.92	66.7387	4933.32
73.96	66.7387	4935.99
74	66.7387	4938.66
74.04	66.7387	4941.33
74.08	66.7387	4944
74.12	66.7387	4946.67
74.16	66.7387	4949.34
74.2	66.7387	4952.01
74.24	66.7387	4954.68
74.28	66.7387	4957.35
74.32	66.7387	4960.02
74.36	66.7387	4962.69
74.4	66.7387	4965.36
74.44	66.7387	4968.03
74.48	66.7387	4970.69
74.52	66.7387	4973.36
74.56	66.7387	4976.03
74.6	66.7387	4978.7
74.64	66.7387	4981.37
74.68	66.7387	4984.04
74.72	66.7387	4986.71
74.76	66.7387	4989.38
74.8	66.7387	4992.05
74.84	66.7387	4994.72
74.88	66.7387	4997.39
74.92	66.7387	5000.06
74.96	66.7387	5002.73
75	66.7387	5005.4
75.04	66.7387	5008.07
75.08	66.7387	5010.74
75.12	66.7387	5013.41
75.16	66.7387	5016.08
75.2	66.7387	5018.75
75.24	66.7387	5021.42
75.28	66.7387	5024.09
75.32	66.7387	5026.76
75.36	66.7387	5029.42
75.4	66.7387	5032.09
75.44	66.7387	5034.76
75.48	66.7387	5037.43
75.52	66.7387	5040.1
75.56	66.7387	5042.77
75.6	66.7387	5045.44
75.64	66.7387	5048.11
75.68	66.7387	5050.78
75.72	66.7387	5053.45
75.76	66.7387	5056.12
75.8	66.7387	5058.79
75.84	66.7387	5061.46
75.88	66.7387	5064.13
75.92	66.7387	5066.8
75.96	66.7387	5069.47
76	66.7387	5072.14
76.04	66.7387	5074.81
76.08	66.7387	5077.48
76.12	66.7387	5080.15
76.16	66.7387	5082.82
76.2	66.7387	5085.49
76.24	66.7387	5088.15
76.28	66.7387	5090.82
76.32	66.7387	5093.49
76.36	66.7387	5096.16
76.4	66.7387	5098.83
76.44	66.7387	5101.5
76.48	66.7387	5104.17
76.52	66.7387	5106.84
76.56	66.7387	5109.51
76.6	66.7387	5112.18
76.64	66.7387	5114.85
76.68	66.7387	5117.52
76.72	66.7387	5120.19
76.76	66.7387	5122.86
76.8	66.7387	5125.53
76.84	66.7387	5128.2
76.88	66.7387	5130.87
76.92	66.7387	5133.54
76.96	66.7387	5136.21
77	66.7387	5138.88
77.04	66.7387	5141.55
77.08	66.7387	5144.22
77.12	66.7387	5146.88
77.16	66.7387	5149.55
77.2	66.7387	5152.22
77.24	66.7387	5154.89
77.28	66.7387	5157.56
77.32	66.7387	5160.23
77.36	66.7387	5162.9
77.4	66.7387	5165.57
77.44	66.7387	5168.24
77.48	66.7387	5170.91
77.52	66.7387	5173.58
77.56	66.7387	5176.25
77.6	66.7387	5178.92
77.64	66.7387	5181.59
77.68	66.7387	5184.26
77.72	66.7387	5186.93
77.76	66.7387	5189.6
77.8	66.7387	5192.27
77.84	66.7387	5194.94
77.88	66.7387	5197.61
77.92	66.7387	5200.28
77.96	66.7387	5202.95
78	66.7387	5205.61
78.04	66.7387	5208.28
78.08	66.7387	5210.95
78.12	66.7387	5213.62
78.16	66.7387	5216.29
78.2	66.7387	5218.96
78.24	66.7387	5221.63
78.28	66.7387	5224.3
78.32	66.7387	5226.97
78.36	66.7387	5229.64
78.4	66.7387	5232.31
78.44	66.7387	5234.98
78.48	66.7387	5237.65
78.52	66.7387	5240.32
78.56	66.7387	5242.99
78.6	66.7387	5245.66
78.64	66.7387	5248.33
78.68	66.7387	5251
78.72	66.7387	5253.67
78.76	66.7387	5256.34
78.8	66.7387	5259.01
78.84	66.7387	5261.68
78.88	66.7387	5264.34
78.92	66.7387	5267.01
78.96	66.7387	5269.68
79	66.7387	5272.35
79.04	66.7387	5275.02
79.08	66.7387	5277.69
79.12	66.7387	5280.36
79.16	66.7387	5283.03
79.2	66.7387	5285.7
79.24	66.7387	5288.37
79.28	66.7387	5291.04
79.32	66.7387	5293.71
79.36	66.7387	5296.38
79.4	66.7387	5299.05
79.44	66.7387	5301.72
79.48	66.7387	5304.39
79.52	66.7387	5307.06
79.56	66.7387	5309.73
79.6	66.7387	5312.4
79.64	66.7387	5315.07
79.68	66.7387	5317.74
79.72	66.7387	5320.41
79.76	66.7387	5323.07
79.8	66.7387	5325.74
79.84	66.7387	5328.41
79.88	66.7387	5331.08
79.92	66.7387	5333.75
79.96	66.7387	5336.42
80	66.7387	5339.09
80.04	66.7387	5341.76
80.08	66.7387	5344.43
80.12	66.7387	5347.1
80.16	66.7387	5349.77
80.2	66.7387	5352.44
80.24	66.7387	5355.11
80.28	66.7387	5357.78
80.32	66.7387	5360.45
80.36	66.7387	5363.12
80.4	66.7387	5365.79
80.44	66.7387	5368.46
80.48	66.7387	5371.13
80.52	66.7387	5373.8
80.56	66.7387	5376.47
80.6	66.7387	5379.14
80.64	66.7387	5381.8
80.68	66.7387	5384.47
80.72	66.7387	5387.14
80.76	66.7387	5389.81
80.8	66.7387	5392.48
80.84	66.7387	5395.15
80.88	66.7387	5397.82
80.92	66.7387	5400.49
80.96	66.7387	5403.16
81	66.7387	5405.83
81.04	66.7387	5408.5
81.08	66.7387	5411.17
81.12	66.7387	5413.84
81.16	66.7387	5416.51
81.2	66.7387	5419.18
81.24	66.7387	5421.85
81.28	66.7387	5424.52
81.32	66.7387	5427.19
81.36	66.7387	5429.86
81.4	66.7387	5432.53
81.44	66.7387	5435.2
81.48	66.7387	5437.87
81.52	66.7387	5440.53
81.56	66.7387	5443.2
81.6	66.7387	5445.87
81.64	66.7387	5448.54
81.68	66.7387	5451.21
81.72	66.7387	5453.88
81.76	66.7387	5456.55
81.8	66.7387	5459.22
81.84	66.7387	5461.89
81.88	66.7387	5464.56
81.92	66.7387	5467.23
81.96	66.7387	5469.9
82	66.7387	5472.57
82.04	66.7387	5475.24
82.08	66.7387	5477.91
82.12	66.7387	5480.58
82.16	66.7387	5483.25
82.2	66.7387	5485.92
82.24	66.7387	5488.59
82.28	66.7387	5491.26
82.32	66.7387	5493.93
82.36	66.7387	5496.6
82.4	66.7387	5499.26
82.44	66.7387	5501.93
82.48	66.7387	5504.6
82.52	66.7387	5507.27
82.56	66.7387	5509.94
82.6	66.7387	5512.61
82.64	66.7387	5515.28
82.68	66.7387	5517.95
82.72	66.7387	5520.62
82.76	66.7387	5523.29
82.8	66.7387	5525.96
82.84	66.7387	5528.63
82.88	66.7387	5531.3
82.92	66.7387	5533.97
82.96	66.7387	5536.64
83	66.7387	5539.31
83.04	66.7387	5541.98
83.08	66.7387	5544.65
83.12	66.7387	5547.32
83.16	66.7387	5549.99
83.2	66.7387	5552.66
83.24	66.7387	5555.33
83.28	66.7387	5557.99
83.32	66.7387	5560.66
83.36	66.7387	5563.33
83.4	66.7387	5566
83.44	66.7387	5568.67
83.48	66.7387	5571.34
83.52	66.7387	5574.01
83.56	66.7387	5576.68
83.6	66.7387	5579.35
83.64	66.7387	5582.02
83.68	66.7387	5584.69
83.72	66.7387	5587.36
83.76	66.7387	5590.03
83.8	66.7387	5592.7
83.84	66.7387	5595.37
83.88	66.7387	5598.04
83.92	66.7387	5600.71
83.96	66.7387	5603.38
84	66.7387	5606.05
84.04	66.7387	5608.72
84.08	66.7387	5611.39
84.12	66.7387	5614.06
84.16	66.7387	5616.72
84.2	66.7387	5619.39
84.24	66.7387	5622.06
84.28	66.7387	5624.73
84.32	66.7387	5627.4
84.36	66.7387	5630.07
84.4	66.7387	5632.74
84.44	66.7387	5635.41
84.48	66.7387	5638.08
84.52	66.7387	5640.75
84.56	66.7387	5643.42
84.6	66.7387	5646.09
84.64	66.7387	5648.76
84.68	66.7387	5651.43
84.72	66.7387	5654.1
84.76	66.7387	5656.77
84.8	66.7387	5659.44
84.84	66.7387	5662.11
84.88	66.7387	5664.78
84.92	66.7387	5667.45
84.96	66.7387	5670.12
85	66.7387	5672.79
85.04	66.7387	5675.45
85.08	66.7387	5678.12
85.12	66.7387	5680.79
85.16	66.7387	5683.46
85.2	66.7387	5686.13
85.24	66.7387	5688.8
85.28	66.7387	5691.47
85.32	66.7387	5694.14
85.36	66.7387	5696.81
85.4	66.7387	5699.48
85.44	66.7387	5702.15
85.48	66.7387	5704.82
85.52	66.7387	5707.49
85.56	66.7387	5710.16
85.6	66.7387	5712.83
85.64	66.7387	5715.5
85.68	66.7387	5718.17
85.72	66.7387	5720.84
85.76	66.7387	5723.51
85.8	66.7387	5726.18
85.84	66.7387	5728.85
85.88	66.7387	5731.52
85.92	66.7387	5734.18
85.96	66.7387	5736.85
86	66.7387	5739.52
86.04	66.7387	5742.19
86.08	66.7387	5744.86
86.12	66.7387	5747.53
86.16	66.7387	5750.2
86.2	66.7387	5752.87
86.24	66.7387	5755.54
86.28	66.7387	5758.21
86.32	66.7387	5760.88
86.36	66.7387	5763.55
86.4	66.7387	5766.22
86.44	66.7387	5768.89
86.48	66.7387	5771.56
86.52	66.7387	5774.23
86.56	66.7387	5776.9
86.6	66.7387	5779.57
86.64	66.7387	5782.24
86.68	66.7387	5784.91
86.72	66.7387	5787.58
86.76	66.7387	5790.25
86.8	66.7387	5792.91
86.84	66.7387	5795.58
86.88	66.7387	5798.25
86.92	66.7387	5800.92
86.96	66.7387	5803.59
87	66.7387	5806.26
87.04	66.7387	5808.93
87.08	66.7387	5811.6
87.12	66.7387	5814.27
87.16	66.7387	5816.94
87.2	66.7387	5819.61
87.24	66.7387	5822.28
87.28	66.7387	5824.95
87.32	66.7387	5827.62
87.36	66.7387	5830.29
87.4	66.7387	5832.96
87.44	66.7387	5835.63
87.48	66.7387	5838.3
87.52	66.7387	5840.97
87.56	66.7387	5843.64
87.6	66.7387	5846.31
87.64	66.7387	5848.98
87.68	66.7387	5851.64
87.72	66.7387	5854.31
87.76	66.7387	5856.98
87.8	66.7387	5859.65
87.84	66.7387	5862.32
87.88	66.7387	5864.99
87.92	66.7387	5867.66
87.96	66.7387	5870.33
88	66.7387	5873
88.04	66.7387	5875.67
88.08	66.7387	5878.34
88.12	66.7387	5881.01
88.16	66.7387	5883.68
88.2	66.7387	5886.35
88.24	66.7387	5889.02
88.28	66.7387	5891.69
88.32	66.7387	5894.36
88.36	66.7387	5897.03
88.4	66.7387	5899.7
88.44	66.7387	5902.37
88.48	66.7387	5905.04
88.52	66.7387	5907.71
88.56	66.7387	5910.37
88.6	66.7387	5913.04
88.64	66.7387	5915.71
88.68	66.7387	5918.38
88.72	66.7387	5921.05
88.76	66.7387	5923.72
88.8	66.7387	5926.39
88.84	66.7387	5929.06
88.88	66.7387	5931.73
88.92	66.7387	5934.4
88.96	66.7387	5937.07
89	66.7387	5939.74
89.04	66.7387	5942.41
89.08	66.7387	5945.08
89.12	66.7387	5947.75
89.16	66.7387	5950.42
89.2	66.7387	5953.09
89.24	66.7387	5955.76
89.28	66.7387	5958.43
89.32	66.7387	5961.1
89.36	66.7387	5963.77
89.4	66.7387	5966.44
89.44	66.7387	5969.1
89.48	66.7387	5971.77
89.52	66.7387	5974.44
89.56	66.7387	5977.11
89.6	66.7387	5979.78
89.64	66.7387	5982.45
89.68	66.7387	5985.12
89.72	66.7387	5987.79
89.76	66.7387	5990.46
89.8	66.7387	5993.13
89.84	66.7387	5995.8
89.88	66.7387	5998.47
89.92	66.7387	6001.14
89.96	66.7387	6003.81
90	66.7387	6006.48
90.04	66.7387	6009.15
90.08	66.7387	6011.82
90.12	66.7387	6014.49
90.16	66.7387	6017.16
90.2	66.7387	6019.83
90.24	66.7387	6022.5
90.28	66.7387	6025.17
90.32	66.7387	6027.83
90.36	66.7387	6030.5
90.4	66.7387	6033.17
90.44	66.7387	6035.84
90.48	66.7387	6038.51
90.52	66.7387	6041.18
90.56	66.7387	6043.85
90.6	66.7387	6046.52
90.64	66.7387	6049.19
90.68	66.7387	6051.86
90.72	66.7387	6054.53
90.76	66.7387	6057.2
90.8	66.7387	6059.87
90.84	66.7387	6062.54
90.88	66.7387	6065.21
90.92	66.7387	6067.88
90.96	66.7387	6070.55
91	66.7387	6073.22
91.04	66.7387	6075.89
91.08	66.7387	6078.56
91.12	66.7387	6081.23
91.16	66.7387	6083.9
91.2	66.7387	6086.56
91.24	66.7387	6089.23
91.28	66.7387	6091.9
91.32	66.7387	6094.57
91.36	66.7387	6097.24
91.4	66.7387	6099.91
91.44	66.7387	6102.58
91.48	66.7387	6105.25
91.52	66.7387	6107.92
91.56	66.7387	6110.59
91.6	66.7387	6113.26
91.64	66.7387	6115.93
91.68	66.7387	6118.6
91.72	66.7387	6121.27
91.76	66.7387	6123.94
91.8	66.7387	6126.61
91.84	66.7387	6129.28
91.88	66.7387	6131.95
91.92	66.7387	6134.62
91.96	66.7387	6137.29
92	66.7387	6139.96
92.04	66.7387	6142.63
92.08	66.7387	6145.29
92.12	66.7387	6147.96
92.16	66.7387	6150.63
92.2	66.7387	6153.3
92.24	66.7387	6155.97
92.28	66.7387	6158.64
92.32	66.7387	6161.31
92.36	66.7387	6163.98
92.4	66.7387	6166.65
92.44	66.7387	6169.32
92.48	66.7387	6171.99
92.52	66.7387	6174.66
92.56	66.7387	6177.33
92.6	66.7387	6180
92.64	66.7387	6182.67
92.68	66.7387	6185.34
92.72	66.7387	6188.01
92.76	66.7387	6190.68
92.8	66.7387	6193.35
92.84	66.7387	6196.02
92.88	66.7387	6198.69
92.92	66.7387	6201.36
92.96	66.7387	6204.02
93	66.7387	6206.69
93.04	66.7387	6209.36
93.08	66.7387	6212.03
93.12	66.7387	6214.7
93.16	66.7387	6217.37
93.2	66.7387	6220.04
93.24	66.7387	6222.71
93.28	66.7387	6225.38
93.32	66.7387	6228.05
93.36	66.7387	6230.72
93.4	66.7387	6233.39
93.44	66.7387	6236.06
93.48	66.7387	6238.73
93.52	66.7387	6241.4
93.56	66.7387	6244.07
93.6	66.7387	6246.74
93.64	66.7387	6249.41
93.68	66.7387	6252.08
93.72	66.7387	6254.75
93.76	66.7387	6257.42
93.8	66.7387	6260.09
93.84	66.7387	6262.75
93.88	66.7387	6265.42
93.92	66.7387	6268.09
93.96	66.7387	6270.76
94	66.7387	6273.43
94.04	66.7387	6276.1
94.08	66.7387	6278.77
94.12	66.7387	6281.44
94.16	66.7387	6284.11
94.2	66.7387	6286.78
94.24	66.7387	6289.45
94.28	66.7387	6292.12
94.32	66.7387	6294.79
94.36	66.7387	6297.46
94.4	66.7387	6300.13
94.44	66.7387	6302.8
94.48	66.7387	6305.47
94.52	66.7387	6308.14
94.56	66.7387	6310.81
94.6	66.7387	6313.48
94.64	66.7387	6316.15
94.68	66.7387	6318.82
94.72	66.7387	6321.48
94.76	66.7387	6324.15
94.8	66.7387	6326.82
94.84	66.7387	6329.49
94.88	66.7387	6332.16
94.92	66.7387	6334.83
94.96	66.7387	6337.5
95	66.7387	6340.17
95.04	66.7387	6342.84
95.08	66.7387	6345.51
95.12	66.7387	6348.18
95.16	66.7387	6350.85
95.2	66.7387	6353.52
95.24	66.7387	6356.19
95.28	66.7387	6358.86
95.32	66.7387	6361.53
95.36	66.7387	6364.2
95.4	66.7387	6366.87
95.44	66.7387	6369.54
95.48	66.7387	6372.21
95.52	66.7387	6374.88
95.56	66.7387	6377.55
95.6	66.7387	6380.21
95.64	66.7387	6382.88
95.68	66.7387	6385.55
95.72	66.7387	6388.22
95.76	66.7387	6390.89
95.8	66.7387	6393.56
95.84	66.7387	6396.23
95.88	66.7387	6398.9
95.92	66.7387	6401.57
95.96	66.7387	6404.24
96	66.7387	6406.91
96.04	66.7387	6409.58
96.08	66.7387	6412.25
96.12	66.7387	6414.92
96.16	66.7387	6417.59
96.2	66.7387	6420.26
96.24	66.7387	6422.93
96.28	66.7387	6425.6
96.32	66.7387	6428.27
96.36	66.7387	6430.94
96.4	66.7387	6433.61
96.44	66.7387	6436.28
96.48	66.7387	6438.94
96.52	66.7387	6441.61
96.56	66.7387	6444.28
96.6	66.7387	6446.95
96.64	66.7387	6449.62
96.68	66.7387	6452.29
96.72	66.7387	6454.96
96.76	66.7387	6457.63
96.8	66.7387	6460.3
96.84	66.7387	6462.97
96.88	66.7387	6465.64
96.92	66.7387	6468.31
96.96	66.7387	6470.98
97	66.7387	6473.65
97.04	66.7387	6476.32
97.08	66.7387	6478.99
97.12	66.7387	6481.66
97.16	66.7387	6484.33
97.2	66.7387	6487
97.24	66.7387	6489.67
97.28	66.7387	6492.34
97.32	66.7387	6495.01
97.36	66.7387	6497.67
97.4	66.7387	6500.34
97.44	66.7387	6503.01
97.48	66.7387	6505.68
97.52	66.7387	6508.35
97.56	66.7387	6511.02
97.6	66.7387	6513.69
97.64	66.7387	6516.36
97.68	66.7387	6519.03
97.72	66.7387	6521.7
97.76	66.7387	6524.37
97.8	66.7387	6527.04
97.84	66.7387	6529.71
97.88	66.7387	6532.38
97.92	66.7387	6535.05
97.96	66.7387	6537.72
98	66.7387	6540.39
98.04	66.7387	6543.06
98.08	66.7387	6545.73
98.12	66.7387	6548.4
98.16	66.7387	6551.07
98.2	66.7387	6553.74
98.24	66.7387	6556.4
98.28	66.7387	6559.07
98.32	66.7387	6561.74
98.36	66.7387	6564.41
98.4	66.7387	6567.08
98.44	66.7387	6569.75
98.48	66.7387	6572.42
98.52	66.7387	6575.09
98.56	66.7387	6577.76
98.6	66.7387	6580.43
98.64	66.7387	6583.1
98.68	66.7387	6585.77
98.72	66.7387	6588.44
98.76	66.7387	6591.11
98.8	66.7387	6593.78
98.84	66.7387	6596.45
98.88	66.7387	6599.12
98.92	66.7387	6601.79
98.96	66.7387	6604.46
99	66.7387	6607.13
99.04	66.7387	6609.8
99.08	66.7387	6612.47
99.12	66.7387	6615.13
99.16	66.7387	6617.8
99.2	66.7387	6620.47
99.24	66.7387	6623.14
99.28	66.7387	6625.81
99.32	66.7387	6628.48
99.36	66.7387	6631.15
99.4	66.7387	6633.82
99.44	66.7387	6636.49
99.48	66.7387	6639.16
99.52	66.7387	6641.83
99.56	66.7387	6644.5
99.6	66.7387	6647.17
99.64	66.7387	6649.84
99.68	66.7387	6652.51
99.72	66.7387	6655.18
99.76	66.7387	6657.85
99.8	66.7387	6660.52
99.84	66.7387	6663.19
99.88	66.7387	6665.86
99.92	66.7387	6668.53
99.96	66.7387	6671.2
100	66.7387	6673.87
100.04	66.7387	6676.53
100.08	66.7387	6679.2
100.12	66.7387	6681.87
100.16	66.7387	6684.54
100.2	66.7387	6687.21
100.24	66.7387	6689.88
100.28	66.7387	6692.55
100.32	66.7387	6695.22
100.36	66.7387	6697.89
100.4	66.7387	6700.56
100.44	66.7387	6703.23
100.48	66.7387	6705.9
100.52	66.7387	6708.57
100.56	66.7387	6711.24
100.6	66.7387	6713.91
100.64	66.7387	6716.58
100.68	66.7387	6719.25
100.72	66.7387	6721.92
100.76	66.7387	6724.59
100.8	66.7387	6727.26
100.84	66.7387	6729.93
100.88	66.7387	6732.6
100.92	66.7387	6735.26
100.96	66.7387	6737.93
101	66.7387	6740.6
101.04	66.7387	6743.27
101.08	66.7387	6745.94
101.12	66.7387	6748.61
101.16	66.7387	6751.28
101.2	66.7387	6753.95
101.24	66.7387	6756.62
101.28	66.7387	6759.29
101.32	66.7387	6761.96
101.36	66.7387	6764.63
101.4	66.7387	6767.3
101.44	66.7387	6769.97
101.48	66.7387	6772.64
101.52	66.7387	6775.31
101.56	66.7387	6777.98
101.6	66.7387	6780.65
101.64	66.7387	6783.32
101.68	66.7387	6785.99
101.72	66.7387	6788.66
101.76	66.7387	6791.33
101.8	66.7387	6793.99
101.84	66.7387	6796.66
101.88	66.7387	6799.33
101.92	66.7387	6802
101.96	66.7387	6804.67
102	66.7387	6807.34
102.04	66.7387	6810.01
102.08	66.7387	6812.68
102.12	66.7387	6815.35
102.16	66.7387	6818.02
102.2	66.7387	6820.69
102.24	66.7387	6823.36
102.28	66.7387	6826.03
102.32	66.7387	6828.7
102.36	66.7387	6831.37
102.4	66.7387	6834.04
102.44	66.7387	6836.71
102.48	66.7387	6839.38
102.52	66.7387	6842.05
102.56	66.7387	6844.72
102.6	66.7387	6847.39
102.64	66.7387	6850.06
102.68	66.7387	6852.72
102.72	66.7387	6855.39
102.76	66.7387	6858.06
102.8	66.7387	6860.73
102.84	66.7387	6863.4
102.88	66.7387	6866.07
102.92	66.7387	6868.74
102.96	66.7387	6871.41
103	66.7387	6874.08
103.04	66.7387	6876.75
103.08	66.7387	6879.42
103.12	66.7387	6882.09
103.16	66.7387	6884.76
103.2	66.7387	6887.43
103.24	66.7387	6890.1
103.28	66.7387	6892.77
103.32	66.7387	6895.44
103.36	66.7387	6898.11
103.4	66.7387	6900.78
103.44	66.7387	6903.45
103.48	66.7387	6906.12
103.52	66.7387	6908.79
103.56	66.7387	6911.45
103.6	66.7387	6914.12
103.64	66.7387	6916.79
103.68	66.7387	6919.46
103.72	66.7387	6922.13
103.76	66.7387	6924.8
103.8	66.7387	6927.47
103.84	66.7387	6930.14
103.88	66.7387	6932.81
103.92	66.7387	6935.48
103.96	66.7387	6938.15
104	66.7387	6940.82
104.04	66.7387	6943.49
104.08	66.7387	6946.16
104.12	66.7387	6948.83
104.16	66.7387	6951.5
104.2	66.7387	6954.17
104.24	66.7387	6956.84
104.28	66.7387	6959.51
104.32	66.7387	6962.18
104.36	66.7387	6964.85
104.4	66.7387	6967.52
104.44	66.7387	6970.18
104.48	66.7387	6972.85
104.52	66.7387	6975.52
104.56	66.7387	6978.19
104.6	66.7387	6980.86
104.64	66.7387	6983.53
104.68	66.7387	6986.2
104.72	66.7387	6988.87
104.76	66.7387	6991.54
104.8	66.7387	6994.21
104.84	66.7387	6996.88
104.88	66.7387	6999.55
104.92	66.7387	7002.22
104.96	66.7387	7004.89
105	66.7387	7007.56
105.04	66.7387	7010.23
105.08	66.7387	7012.9
105.12	66.7387	7015.57
105.16	66.7387	7018.24
105.2	66.7387	7020.91
105.24	66.7387	7023.58
105.28	66.7387	7026.25
105.32	66.7387	7028.91
105.36	66.7387	7031.58
105.4	66.7387	7034.25
105.44	66.7387	7036.92
105.48	66.7387	7039.59
105.52	66.7387	7042.26
105.56	66.7387	7044.93
105.6	66.7387	7047.6
105.64	66.7387	7050.27
105.68	66.7387	7052.94
105.72	66.7387	7055.61
105.76	66.7387	7058.28
105.8	66.7387	7060.95
105.84	66.7387	7063.62
105.88	66.7387	7066.29
105.92	66.7387	7068.96
105.96	66.7387	7071.63
106	66.7387	7074.3
106.04	66.7387	7076.97
106.08	66.7387	7079.64
106.12	66.7387	7082.31
106.16	66.7387	7084.98
106.2	66.7387	7087.64
106.24	66.7387	7090.31
106.28	66.7387	7092.98
106.32	66.7387	7095.65
106.36	66.7387	7098.32
106.4	66.7387	7100.99
106.44	66.7387	7103.66
106.48	66.7387	7106.33
106.52	66.7387	7109
106.56	66.7387	7111.67
106.6	66.7387	7114.34
106.64	66.7387	7117.01
106.68	66.7387	7119.68
106.72	66.7387	7122.35
106.76	66.7387	7125.02
106.8	66.7387	7127.69
106.84	66.7387	7130.36
106.88	66.7387	7133.03
106.92	66.7387	7135.7
106.96	66.7387	7138.37
107	66.7387	7141.04
107.04	66.7387	7143.71
107.08	66.7387	7146.37
107.12	66.7387	7149.04
107.16	66.7387	7151.71
107.2	66.7387	7154.38
107.24	66.7387	7157.05
107.28	66.7387	7159.72
107.32	66.7387	7162.39
107.36	66.7387	7165.06
107.4	66.7387	7167.73
107.44	66.7387	7170.4
107.48	66.7387	7173.07
107.52	66.7387	7175.74
107.56	66.7387	7178.41
107.6	66.7387	7181.08
107.64	66.7387	7183.75
107.68	66.7387	7186.42
107.72	66.7387	7189.09
107.76	66.7387	7191.76
107.8	66.7387	7194.43
107.84	66.7387	7197.1
107.88	66.7387	7199.77
107.92	66.7387	7202.44
107.96	66.7387	7205.1
108	66.7387	7207.77
108.04	66.7387	7210.44
108.08	66.7387	7213.11
108.12	66.7387	7215.78
108.16	66.7387	7218.45
108.2	66.7387	7221.12
108.24	66.7387	7223.79
108.28	66.7387	7226.46
108.32	66.7387	7229.13
108.36	66.7387	7231.8
108.4	66.7387	7234.47
108.44	66.7387	7237.14
108.48	66.7387	7239.81
108.52	66.7387	7242.48
108.56	66.7387	7245.15
108.6	66.7387	7247.82
108.64	66.7387	7250.49
108.68	66.7387	7253.16
108.72	66.7387	7255.83
108.76	66.7387	7258.5
108.8	66.7387	7261.17
108.84	66.7387	7263.83
108.88	66.7387	7266.5
108.92	66.7387	7269.17
108.96	66.7387	7271.84
109	66.7387	7274.51
109.04	66.7387	7277.18
109.08	66.7387	7279.85
109.12	66.7387	7282.52
109.16	66.7387	7285.19
109.2	66.7387	7287.86
109.24	66.7387	7290.53
109.28	66.7387	7293.2
109.32	66.7387	7295.87
109.36	66.7387	7298.54
109.4	66.7387	7301.21
109.44	66.7387	7303.88
109.48	66.7387	7306.55
109.52	66.7387	7309.22
109.56	66.7387	7311.89
109.6	66.7387	7314.56
109.64	66.7387	7317.23
109.68	66.7387	7319.9
109.72	66.7387	7322.56
109.76	66.7387	7325.23
109.8	66.7387	7327.9
109.84	66.7387	7330.57
109.88	66.7387	7333.24
109.92	66.7387	7335.91
109.96	66.7387	7338.58
110	66.7387	7341.25
110.04	66.7387	7343.92
110.08	66.7387	7346.59
110.12	66.7387	7349.26
110.16	66.7387	7351.93
110.2	66.7387	7354.6
110.24	66.7387	7357.27
110.28	66.7387	7359.94
110.32	66.7387	7362.61
110.36	66.7387	7365.28
110.4	66.7387	7367.95
110.44	66.7387	7370.62
110.48	66.7387	7373.29
110.52	66.7387	7375.96
110.56	66.7387	7378.63
110.6	66.7387	7381.29
110.64	66.7387	7383.96
110.68	66.7387	7386.63
110.72	66.7387	7389.3
110.76	66.7387	7391.97
110.8	66.7387	7394.64
110.84	66.7387	7397.31
110.88	66.7387	7399.98
110.92	66.7387	7402.65
110.96	66.7387	7405.32
111	66.7387	7407.99
111.04	66.7387	7410.66
111.08	66.7387	7413.33
111.12	66.7387	7416
111.16	66.7387	7418.67
111.2	66.7387	7421.34
111.24	66.7387	7424.01
111.28	66.7387	7426.68
111.32	66.7387	7429.35
111.36	66.7387	7432.02
111.4	66.7387	7434.69
111.44	66.7387	7437.36
111.48	66.7387	7440.02
111.52	66.7387	7442.69
111.56	66.7387	7445.36
111.6	66.7387	7448.03
111.64	66.7387	7450.7
111.68	66.7387	7453.37
111.72	66.7387	7456.04
111.76	66.7387	7458.71
111.8	66.7387	7461.38
111.84	66.7387	7464.05
111.88	66.7387	7466.72
111.92	66.7387	7469.39
111.96	66.7387	7472.06
112	66.7387	7474.73
112.04	66.7387	7477.4
112.08	66.7387	7480.07
112.12	66.7387	7482.74
112.16	66.7387	7485.41
112.2	66.7387	7488.08
112.24	66.7387	7490.75
112.28	66.7387	7493.42
112.32	66.7387	7496.09
112.36	66.7387	7498.75
112.4	66.7387	7501.42
112.44	66.7387	7504.09
112.48	66.7387	7506.76
112.52	66.7387	7509.43
112.56	66.7387	7512.1
112.6	66.7387	7514.77
112.64	66.7387	7517.44
112.68	66.7387	7520.11
112.72	66.7387	7522.78
112.76	66.7387	7525.45
112.8	66.7387	7528.12
112.84	66.7387	7530.79
112.88	66.7387	7533.46
112.92	66.7387	7536.13
112.96	66.7387	7538.8
113	66.7387	7541.47
113.04	66.7387	7544.14
113.08	66.7387	7546.81
113.12	66.7387	7549.48
113.16	66.7387	7552.15
113.2	66.7387	7554.82
113.24	66.7387	7557.48
113.28	66.7387	7560.15
113.32	66.7387	7562.82
113.36	66.7387	7565.49
113.4	66.7387	7568.16
113.44	66.7387	7570.83
113.48	66.7387	7573.5
113.52	66.7387	7576.17
113.56	66.7387	7578.84
113.6	66.7387	7581.51
113.64	66.7387	7584.18
113.68	66.7387	7586.85
113.72	66.7387	7589.52
113.76	66.7387	7592.19
113.8	66.7387	7594.86
113.84	66.7387	7597.53
113.88	66.7387	7600.2
113.92	66.7387	7602.87
113.96	66.7387	7605.54
114	66.7387	7608.21
114.04	66.7387	7610.88
114.08	66.7387	7613.55
114.12	66.7387	7616.21
114.16	66.7387	7618.88
114.2	66.7387	7621.55
114.24	66.7387	7624.22
114.28	66.7387	7626.89
114.32	66.7387	7629.56
114.36	66.7387	7632.23
114.4	66.7387	7634.9
114.44	66.7387	7637.57
114.48	66.7387	7640.24
114.52	66.7387	7642.91
114.56	66.7387	7645.58
114.6	66.7387	7648.25
114.64	66.7387	7650.92
114.68	66.7387	7653.59
114.72	66.7387	7656.26
114.76	66.7387	7658.93
114.8	66.7387	7661.6
114.84	66.7387	7664.27
114.88	66.7387	7666.94
114.92	66.7387	7669.61
114.96	66.7387	7672.28
115	66.7387	7674.94
115.04	66.7387	7677.61
115.08	66.7387	7680.28
115.12	66.7387	7682.95
115.16	66.7387	7685.62
115.2	66.7387	7688.29
115.24	66.7387	7690.96
115.28	66.7387	7693.63
115.32	66.7387	7696.3
115.36	66.7387	7698.97
115.4	66.7387	7701.64
115.44	66.7387	7704.31
115.48	66.7387	7706.98
115.52	66.7387	7709.65
115.56	66.7387	7712.32
115.6	66.7387	7714.99
115.64	66.7387	7717.66
115.68	66.7387	7720.33
115.72	66.7387	7723
115.76	66.7387	7725.67
115.8	66.7387	7728.34
115.84	66.7387	7731.01
115.88	66.7387	7733.67
115.92	66.7387	7736.34
115.96	66.7387	7739.01
116	66.7387	7741.68
116.04	66.7387	7744.35
116.08	66.7387	7747.02
116.12	66.7387	7749.69
116.16	66.7387	7752.36
116.2	66.7387	7755.03
116.24	66.7387	7757.7
116.28	66.7387	7760.37
116.32	66.7387	7763.04
116.36	66.7387	7765.71
116.4	66.7387	7768.38
116.44	66.7387	7771.05
116.48	66.7387	7773.72
116.52	66.7387	7776.39
116.56	66.7387	7779.06
116.6	66.7387	7781.73
116.64	66.7387	7784.4
116.68	66.7387	7787.07
116.72	66.7387	7789.74
116.76	66.7387	7792.4
116.8	66.7387	7795.07
116.84	66.7387	7797.74
116.88	66.7387	7800.41
116.92	66.7387	7803.08
116.96	66.7387	7805.75
117	66.7387	7808.42
117.04	66.7387	7811.09
117.08	66.7387	7813.76
117.12	66.7387	7816.43
117.16	66.7387	7819.1
117.2	66.7387	7821.77
117.24	66.7387	7824.44
117.28	66.7387	7827.11
117.32	66.7387	7829.78
117.36	66.7387	7832.45
117.4	66.7387	7835.12
117.44	66.7387	7837.79
117.48	66.7387	7840.46
117.52	66.7387	7843.13
117.56	66.7387	7845.8
117.6	66.7387	7848.47
117.64	66.7387	7851.13
117.68	66.7387	7853.8
117.72	66.7387	7856.47
117.76	66.7387	7859.14
117.8	66.7387	7861.81
117.84	66.7387	7864.48
117.88	66.7387	7867.15
117.92	66.7387	7869.82
117.96	66.7387	7872.49
118	66.7387	7875.16
118.04	66.7387	7877.83
118.08	66.7387	7880.5
118.12	66.7387	7883.17
118.16	66.7387	7885.84
118.2	66.7387	7888.51
118.24	66.7387	7891.18
118.28	66.7387	7893.85
118.32	66.7387	7896.52
118.36	66.7387	7899.19
118.4	66.7387	7901.86
118.44	66.7387	7904.53
118.48	66.7387	7907.2
118.52	66.7387	7909.86
118.56	66.7387	7912.53
118.6	66.7387	7915.2
118.64	66.7387	7917.87
118.68	66.7387	7920.54
118.72	66.7387	7923.21
118.76	66.7387	7925.88
118.8	66.7387	7928.55
118.84	66.7387	7931.22
118.88	66.7387	7933.89
118.92	66.7387	7936.56
118.96	66.7387	7939.23
119	66.7387	7941.9
119.04	66.7387	7944.57
119.08	66.7387	7947.24
119.12	66.7387	7949.91
119.16	66.7387	7952.58
119.2	66.7387	7955.25
119.24	66.7387	7957.92
119.28	66.7387	7960.59
119.32	66.7387	7963.26
119.36	66.7387	7965.93
119.4	66.7387	7968.59
119.44	66.7387	7971.26
119.48	66.7387	7973.93
119.52	66.7387	7976.6
119.56	66.7387	7979.27
119.6	66.7387	7981.94
119.64	66.7387	7984.61
119.68	66.7387	7987.28
119.72	66.7387	7989.95
119.76	66.7387	7992.62
119.8	66.7387	7995.29
119.84	66.7387	7997.96
119.88	66.7387	8000.63
119.92	66.7387	8003.3
119.96	66.7387	8005.97
