0	0	-0
0.04	0.392	0.0156784
0.08	0.783999	0.0626939
0.12	1.176	0.140988
0.16	1.568	0.250464
0.2	1.96	0.390987
0.24	2.352	0.562383
0.28	2.74399	0.764442
0.32	3.13599	0.996918
0.36	3.52799	1.25953
0.4	3.91999	1.55196
0.44	4.31198	1.87385
0.48	4.70398	2.22484
0.52	5.09598	2.60449
0.56	5.48798	3.01238
0.6	5.87997	3.44803
0.64	6.27197	3.91095
0.68	6.66396	4.40061
0.72	7.05596	4.91648
0.76	7.44796	5.45798
0.8	7.83995	6.02454
0.84	8.23195	6.61554
0.88	8.62394	7.23039
0.92	9.01593	7.86843
0.96	9.40793	8.52904
1	9.79992	9.21154
1.04	10.1919	9.9153
1.08	10.5839	10.6396
1.12	10.9759	11.3838
1.16	11.3679	12.1473
1.2	11.7599	12.9293
1.24	12.1519	13.7291
1.28	12.5439	14.5461
1.32	12.9359	15.3796
1.36	13.3279	16.229
1.4	13.7198	17.0935
1.44	14.1118	17.9725
1.48	14.5038	18.8653
1.52	14.8958	19.7713
1.56	15.2878	20.6899
1.6	15.6798	21.6205
1.64	16.0718	22.5623
1.68	16.4638	23.5149
1.72	16.8558	24.4775
1.76	17.2478	25.4498
1.8	17.6398	26.431
1.84	18.0317	27.4206
1.88	18.4237	28.4182
1.92	18.8157	29.4231
1.96	19.2077	30.4349
2	19.5997	31.4532
2.04	19.9917	32.4773
2.08	20.3837	33.5069
2.12	20.7757	34.5415
2.16	21.1676	35.5807
2.2	21.5596	36.6241
2.24	21.9516	37.6712
2.28	22.3436	38.7218
2.32	22.7356	39.7755
2.36	23.1276	40.8318
2.4	23.5196	41.8906
2.44	23.9115	42.9513
2.48	24.3035	44.0139
2.52	24.6955	45.0779
2.56	25.0875	46.1431
2.6	25.4795	47.2092
2.64	25.8715	48.276
2.68	26.2635	49.3433
2.72	26.6554	50.4108
2.76	27.0474	51.4783
2.8	27.4394	52.5456
2.84	27.8314	53.6126
2.88	28.2234	54.679
2.92	28.6153	55.7447
2.96	29.0073	56.8096
3	29.3993	57.8734
3.04	29.7913	58.9361
3.08	30.1833	59.9976
3.12	30.5753	61.0577
3.16	30.9672	62.1163
3.2	31.3592	63.1733
3.24	31.7512	64.2287
3.28	32.1432	65.2823
3.32	32.5352	66.3341
3.36	32.9271	67.384
3.4	33.3191	68.4319
3.44	33.7111	69.4778
3.48	34.1031	70.5216
3.52	34.4951	71.5633
3.56	34.887	72.6028
3.6	35.279	73.6402
3.64	35.671	74.6753
3.68	36.063	75.7082
3.72	36.4549	76.7389
3.76	36.8469	77.7672
3.8	37.2389	78.7933
3.84	37.6309	79.817
3.88	38.0229	80.8384
3.92	38.4148	81.8576
3.96	38.8068	82.8744
4	39.1988	83.8889
4.04	39.5908	84.901
4.08	39.9827	85.9109
4.12	40.3747	86.9185
4.16	40.7667	87.9239
4.2	41.1587	88.9269
4.24	41.5506	89.9277
4.28	41.9426	90.9263
4.32	42.3346	91.9227
4.36	42.7266	92.9169
4.4	43.1185	93.9089
4.44	43.5105	94.8988
4.48	43.9025	95.8865
4.52	44.2944	96.8722
4.56	44.6864	97.8558
4.6	45.0784	98.8373
4.64	45.4704	99.8169
4.68	45.8623	100.794
4.72	46.2543	101.77
4.76	46.6463	102.744
4.8	47.0382	103.715
4.84	47.4302	104.685
4.88	47.8222	105.653
4.92	48.2142	106.62
4.96	48.6061	107.584
5	48.9981	108.547
5.04	49.3901	109.508
5.08	49.782	110.467
5.12	50.174	111.425
5.16	50.566	112.381
5.2	50.9579	113.335
5.24	51.3499	114.288
5.28	51.7419	115.239
5.32	52.1338	116.189
5.36	52.5258	117.137
5.4	52.9178	118.084
5.44	53.3097	119.03
5.48	53.7017	119.974
5.52	54.0937	120.917
5.56	54.4856	121.858
5.6	54.8776	122.798
5.64	55.2696	123.737
5.68	55.6615	124.674
5.72	56.0535	125.611
5.76	56.4455	126.546
5.8	56.8374	127.48
5.84	57.2294	128.413
5.88	57.6214	129.345
5.92	58.0133	130.275
5.96	58.4053	131.205
6	58.7973	132.133
6.04	59.1892	133.061
6.08	59.5812	133.987
6.12	59.9731	134.913
6.16	60.3651	135.838
6.2	60.7571	136.761
6.24	61.149	137.684
6.28	61.541	138.606
6.32	61.933	139.527
6.36	62.3249	140.447
6.4	62.7169	141.367
6.44	63.1088	142.285
6.48	63.5008	143.203
6.52	63.8928	144.12
6.56	64.2847	145.036
6.6	64.6767	145.952
6.64	65.0686	146.867
6.68	65.4606	147.781
6.72	65.8526	148.695
6.76	66.2445	149.608
6.8	66.6365	150.52
6.84	67.0284	151.431
6.88	67.4204	152.343
6.92	67.8124	153.253
6.96	68.2043	154.163
7	68.5963	155.072
7.04	68.9882	155.981
7.08	69.3802	156.889
7.12	69.7721	157.797
7.16	70.1641	158.704
7.2	70.5561	159.611
7.24	70.948	160.517
7.28	71.34	161.423
7.32	71.7319	162.328
7.36	72.1239	163.233
7.4	72.5158	164.138
7.44	72.9078	165.042
7.48	73.2997	165.946
7.52	73.6917	166.849
7.56	74.0837	167.752
7.6	74.4756	168.654
7.64	74.8676	169.556
7.68	75.2595	170.458
7.72	75.6515	171.36
7.76	76.0434	172.261
7.8	76.4354	173.162
7.84	76.8273	174.062
7.88	77.2193	174.962
7.92	77.6112	175.862
7.96	78.0032	176.762
8	78.3951	177.661
8.04	78.7871	178.56
8.08	79.179	179.459
8.12	79.571	180.358
8.16	79.9629	181.256
8.2	80.3549	182.154
8.24	80.7468	183.052
8.28	81.1388	183.949
8.32	81.5307	184.847
8.36	81.9227	185.744
8.4	82.3146	186.641
8.44	82.7066	187.537
8.48	83.0985	188.434
8.52	83.4905	189.33
8.56	83.8824	190.226
8.6	84.2744	191.122
8.64	84.6663	192.018
8.68	85.0583	192.914
8.72	85.4502	193.809
8.76	85.8422	194.704
8.8	86.2341	195.599
8.84	86.6261	196.494
8.88	87.018	197.389
8.92	87.4099	198.284
8.96	87.8019	199.178
9	88.1938	200.072
9.04	88.5858	200.967
9.08	88.9777	201.861
9.12	89.3697	202.755
9.16	89.7616	203.649
9.2	90.1536	204.542
9.24	90.5455	205.436
9.28	90.9375	206.329
9.32	91.3294	207.223
9.36	91.7213	208.116
9.4	92.1133	209.009
9.44	92.5052	209.902
9.48	92.8972	210.795
9.52	93.2891	211.688
9.56	93.681	212.581
9.6	94.073	213.474
9.64	94.4649	214.366
9.68	94.8569	215.259
9.72	95.2488	216.151
9.76	95.6408	217.044
9.8	96.0327	217.936
9.84	96.4246	218.828
9.88	96.8166	219.72
9.92	97.2085	220.613
9.96	97.6005	221.505
10	97.9924	222.397
10.04	98.3843	223.288
10.08	98.7763	224.18
10.12	99.1682	225.072
10.16	99.5602	225.964
10.2	99.9521	226.855
10.24	100.344	227.747
10.28	100.736	228.639
10.32	101.128	229.53
10.36	101.52	230.422
10.4	101.912	231.313
10.44	102.304	232.204
10.48	102.696	233.096
10.52	103.088	233.987
10.56	103.48	234.878
10.6	103.871	235.769
10.64	104.263	236.66
10.68	104.655	237.551
10.72	105.047	238.443
10.76	105.439	239.334
10.8	105.831	240.225
10.84	106.223	241.116
10.88	106.615	242.006
10.92	107.007	242.897
10.96	107.399	243.788
11	107.791	244.679
11.04	108.183	245.57
11.08	108.575	246.461
11.12	108.967	247.351
11.16	109.359	248.242
11.2	109.75	249.133
11.24	110.142	250.023
11.28	110.534	250.914
11.32	110.926	251.805
11.36	111.318	252.695
11.4	111.71	253.586
11.44	112.102	254.476
11.48	112.494	255.367
11.52	112.886	256.257
11.56	113.278	257.148
11.6	113.67	258.038
11.64	114.062	258.929
11.68	114.454	259.819
11.72	114.846	260.709
11.76	115.237	261.6
11.8	115.629	262.49
11.84	116.021	263.381
11.88	116.413	264.271
11.92	116.805	265.161
11.96	117.197	266.052
12	117.589	266.942
12.04	117.981	267.832
12.08	118.373	268.722
12.12	118.765	269.613
12.16	119.157	270.503
12.2	119.549	271.393
12.24	119.941	272.283
12.28	120.333	273.174
12.32	120.724	274.064
12.36	121.116	274.954
12.4	121.508	275.844
12.44	121.9	276.734
12.48	122.292	277.624
12.52	122.684	278.515
12.56	123.076	279.405
12.6	123.468	280.295
12.64	123.86	281.185
12.68	124.252	282.075
12.72	124.644	282.965
12.76	125.036	283.855
12.8	125.428	284.745
12.84	125.819	285.635
12.88	126.211	286.526
12.92	126.603	287.416
12.96	126.995	288.306
13	127.387	289.196
13.04	127.779	290.086
13.08	128.171	290.976
13.12	128.563	291.866
13.16	128.955	292.756
13.2	129.347	293.646
13.24	129.739	294.536
13.28	130.131	295.426
13.32	130.523	296.316
13.36	130.914	297.206
13.4	131.306	298.096
13.44	131.698	298.986
13.48	132.09	299.876
13.52	132.482	300.766
13.56	132.874	301.656
13.6	133.266	302.546
13.64	133.658	303.436
13.68	134.05	304.326
13.72	134.442	305.216
13.76	134.834	306.106
13.8	135.226	306.996
13.84	135.617	307.886
13.88	136.009	308.776
13.92	136.401	309.666
13.96	136.793	310.555
14	137.185	311.445
14.04	137.577	312.335
14.08	137.969	313.225
14.12	138.361	314.115
14.16	138.753	315.005
14.2	139.145	315.895
14.24	139.537	316.785
14.28	139.928	317.675
14.32	140.32	318.565
14.36	140.712	319.455
14.4	141.104	320.345
14.44	141.496	321.235
14.48	141.888	322.124
14.52	142.28	323.014
14.56	142.672	323.904
14.6	143.064	324.794
14.64	143.456	325.684
14.68	143.848	326.574
14.72	144.24	327.464
14.76	144.631	328.354
14.8	145.023	329.244
14.84	145.415	330.134
14.88	145.807	331.024
14.92	146.199	331.913
14.96	146.591	332.803
15	146.983	333.693
15.04	147.375	334.583
15.08	147.767	335.473
15.12	148.159	336.363
15.16	148.551	337.253
15.2	148.942	338.143
15.24	149.334	339.033
15.28	149.726	339.922
15.32	150.118	340.812
15.36	150.51	341.702
15.4	150.902	342.592
15.44	151.294	343.482
15.48	151.686	344.372
15.52	152.078	345.262
15.56	152.47	346.152
15.6	152.862	347.041
15.64	153.253	347.931
15.68	153.645	348.821
15.72	154.037	349.711
15.76	154.429	350.601
15.8	154.821	351.491
15.84	155.213	352.381
15.88	155.605	353.271
15.92	155.997	354.16
15.96	156.389	355.05
16	156.781	355.94
16.04	157.172	356.83
16.08	157.564	357.72
16.12	157.956	358.61
16.16	158.348	359.5
16.2	158.74	360.39
16.24	159.132	361.279
16.28	159.524	362.169
16.32	159.916	363.059
16.36	160.308	363.949
16.4	160.7	364.839
16.44	161.091	365.729
16.48	161.483	366.619
16.52	161.875	367.508
16.56	162.267	368.398
16.6	162.659	369.288
16.64	163.051	370.178
16.68	163.443	371.068
16.72	163.835	371.958
16.76	164.227	372.848
16.8	164.619	373.737
16.84	165.01	374.627
16.88	165.402	375.517
16.92	165.794	376.407
16.96	166.186	377.297
17	166.578	378.187
17.04	166.97	379.077
17.08	167.362	379.966
17.12	167.754	380.856
17.16	168.146	381.746
17.2	168.538	382.636
17.24	168.929	383.526
17.28	169.321	384.416
17.32	169.713	385.306
17.36	170.105	386.196
17.4	170.497	387.085
17.44	170.889	387.975
17.48	171.281	388.865
17.52	171.673	389.755
17.56	172.065	390.645
17.6	172.456	391.535
17.64	172.848	392.425
17.68	173.24	393.314
17.72	173.632	394.204
17.76	174.024	395.094
17.8	174.416	395.984
17.84	174.808	396.874
17.88	175.2	397.764
17.92	175.592	398.653
17.96	175.983	399.543
18	176.375	400.433
18.04	176.767	401.323
18.08	177.159	402.213
18.12	177.551	403.103
18.16	177.943	403.993
18.2	178.335	404.882
18.24	178.727	405.772
18.28	179.119	406.662
18.32	179.51	407.552
18.36	179.902	408.442
18.4	180.294	409.332
18.44	180.686	410.222
18.48	181.078	411.111
18.52	181.47	412.001
18.56	181.862	412.891
18.6	182.254	413.781
18.64	182.646	414.671
18.68	183.037	415.561
18.72	183.429	416.451
18.76	183.821	417.34
18.8	184.213	418.23
18.84	184.605	419.12
18.88	184.997	420.01
18.92	185.389	420.9
18.96	185.781	421.79
19	186.173	422.68
19.04	186.564	423.569
19.08	186.956	424.459
19.12	187.348	425.349
19.16	187.74	426.239
19.2	188.132	427.129
19.24	188.524	428.019
19.28	188.916	428.909
19.32	189.308	429.798
19.36	189.7	430.688
19.4	190.091	431.578
19.44	190.483	432.468
19.48	190.875	433.358
19.52	191.267	434.248
19.56	191.659	435.138
19.6	192.051	436.027
19.64	192.443	436.917
19.68	192.835	437.807
19.72	193.226	438.697
19.76	193.618	439.587
19.8	194.01	440.477
19.84	194.402	441.366
19.88	194.794	442.256
19.92	195.186	443.146
19.96	195.578	444.036
20	195.97	444.926
20.04	196.361	445.816
20.08	196.753	446.706
20.12	197.145	447.595
20.16	197.537	448.485
20.2	197.929	449.375
20.24	198.321	450.265
20.28	198.713	451.155
20.32	199.105	452.045
20.36	199.496	452.935
20.4	199.888	453.824
20.44	200.28	454.714
20.48	200.672	455.604
20.52	201.064	456.494
20.56	201.456	457.384
20.6	201.848	458.274
20.64	202.24	459.164
20.68	202.632	460.053
20.72	203.023	460.943
20.76	203.415	461.833
20.8	203.807	462.723
20.84	204.199	463.613
20.88	204.591	464.503
20.92	204.983	465.392
20.96	205.375	466.282
21	205.766	467.172
21.04	206.158	468.062
21.08	206.55	468.952
21.12	206.942	469.842
21.16	207.334	470.732
21.2	207.726	471.621
21.24	208.118	472.511
21.28	208.51	473.401
21.32	208.901	474.291
21.36	209.293	475.181
21.4	209.685	476.071
21.44	210.077	476.961
21.48	210.469	477.85
21.52	210.861	478.74
21.56	211.253	479.63
21.6	211.645	480.52
21.64	212.036	481.41
21.68	212.428	482.3
21.72	212.82	483.19
21.76	213.212	484.079
21.8	213.604	484.969
21.84	213.996	485.859
21.88	214.388	486.749
21.92	214.779	487.639
21.96	215.171	488.529
22	215.563	489.418
22.04	215.955	490.308
22.08	216.347	491.198
22.12	216.739	492.088
22.16	217.131	492.978
22.2	217.523	493.868
22.24	217.914	494.758
22.28	218.306	495.647
22.32	218.698	496.537
22.36	219.09	497.427
22.4	219.482	498.317
22.44	219.874	499.207
22.48	220.266	500.097
22.52	220.657	500.987
22.56	221.049	501.876
22.6	221.441	502.766
22.64	221.833	503.656
22.68	222.225	504.546
22.72	222.617	505.436
22.76	223.009	506.326
22.8	223.401	507.216
22.84	223.792	508.105
22.88	224.184	508.995
22.92	224.576	509.885
22.96	224.968	510.775
23	225.36	511.665
23.04	225.752	512.555
23.08	226.144	513.444
23.12	226.535	514.334
23.16	226.927	515.224
23.2	227.319	516.114
23.24	227.711	517.004
23.28	228.103	517.894
23.32	228.495	518.784
23.36	228.887	519.673
23.4	229.278	520.563
23.44	229.67	521.453
23.48	230.062	522.343
23.52	230.454	523.233
23.56	230.846	524.123
23.6	231.238	525.013
23.64	231.63	525.902
23.68	232.021	526.792
23.72	232.413	527.682
23.76	232.805	528.572
23.8	233.197	529.462
23.84	233.589	530.352
23.88	233.981	531.242
23.92	234.373	532.131
23.96	234.764	533.021
24	235.156	533.911
24.04	235.548	534.801
24.08	235.94	535.691
24.12	236.332	536.581
24.16	236.724	537.47
24.2	237.116	538.36
24.24	237.507	539.25
24.28	237.899	540.14
24.32	238.291	541.03
24.36	238.683	541.92
24.4	239.075	542.81
24.44	239.467	543.699
24.48	239.858	544.589
24.52	240.25	545.479
24.56	240.642	546.369
24.6	241.034	547.259
24.64	241.426	548.149
24.68	241.818	549.039
24.72	242.21	549.928
24.76	242.601	550.818
24.8	242.993	551.708
24.84	243.385	552.598
24.88	243.777	553.488
24.92	244.169	554.378
24.96	244.561	555.268
25	244.953	556.157
25.04	245.344	557.047
25.08	245.736	557.937
25.12	246.128	558.827
25.16	246.52	559.717
25.2	246.912	560.607
25.24	247.304	561.496
25.28	247.695	562.386
25.32	248.087	563.276
25.36	248.479	564.166
25.4	248.871	565.056
25.44	249.263	565.946
25.48	249.655	566.836
25.52	250.047	567.725
25.56	250.438	568.615
25.6	250.83	569.505
25.64	251.222	570.395
25.68	251.614	571.285
25.72	252.006	572.175
25.76	252.398	573.065
25.8	252.789	573.954
25.84	253.181	574.844
25.88	253.573	575.734
25.92	253.965	576.624
25.96	254.357	577.514
26	254.749	578.404
26.04	255.14	579.294
26.08	255.532	580.183
26.12	255.924	581.073
26.16	256.316	581.963
26.2	256.708	582.853
26.24	257.1	583.743
26.28	257.492	584.633
26.32	257.883	585.522
26.36	258.275	586.412
26.4	258.667	587.302
26.44	259.059	588.192
26.48	259.451	589.082
26.52	259.843	589.972
26.56	260.234	590.862
26.6	260.626	591.751
26.64	261.018	592.641
26.68	261.41	593.531
26.72	261.802	594.421
26.76	262.194	595.311
26.8	262.585	596.201
26.84	262.977	597.091
26.88	263.369	597.98
26.92	263.761	598.87
26.96	264.153	599.76
27	264.545	600.65
27.04	264.936	601.54
27.08	265.328	602.43
27.12	265.72	603.32
27.16	266.112	604.209
27.2	266.504	605.099
27.24	266.896	605.989
27.28	267.287	606.879
27.32	267.679	607.769
27.36	268.071	608.659
27.4	268.463	609.548
27.44	268.855	610.438
27.48	269.247	611.328
27.52	269.638	612.218
27.56	270.03	613.108
27.6	270.422	613.998
27.64	270.814	614.888
27.68	271.206	615.777
27.72	271.598	616.667
27.76	271.989	617.557
27.8	272.381	618.447
27.84	272.773	619.337
27.88	273.165	620.227
27.92	273.557	621.117
27.96	273.949	622.006
28	274.34	622.896
28.04	274.732	623.786
28.08	275.124	624.676
28.12	275.516	625.566
28.16	275.908	626.456
28.2	276.3	627.346
28.24	276.691	628.235
28.28	277.083	629.125
28.32	277.475	630.015
28.36	277.867	630.905
28.4	278.259	631.795
28.44	278.651	632.685
28.48	279.042	633.574
28.52	279.434	634.464
28.56	279.826	635.354
28.6	280.218	636.244
28.64	280.61	637.134
28.68	281.002	638.024
28.72	281.393	638.914
28.76	281.785	639.803
28.8	282.177	640.693
28.84	282.569	641.583
28.88	282.961	642.473
28.92	283.352	643.363
28.96	283.744	644.253
29	284.136	645.143
29.04	284.528	646.032
29.08	284.92	646.922
29.12	285.312	647.812
29.16	285.703	648.702
29.2	286.095	649.592
29.24	286.487	650.482
29.28	286.879	651.372
29.32	287.271	652.261
29.36	287.663	653.151
29.4	288.054	654.041
29.44	288.446	654.931
29.48	288.838	655.821
29.52	289.23	656.711
29.56	289.622	657.6
29.6	290.013	658.49
29.64	290.405	659.38
29.68	290.797	660.27
29.72	291.189	661.16
29.76	291.581	662.05
29.8	291.973	662.94
29.84	292.364	663.829
29.88	292.756	664.719
29.92	293.148	665.609
29.96	293.54	666.499
30	293.932	667.389
30.04	294.323	668.279
30.08	294.715	669.169
30.12	295.107	670.058
30.16	295.499	670.948
30.2	295.891	671.838
30.24	296.283	672.728
30.28	296.674	673.618
30.32	297.066	674.508
30.36	297.458	675.398
30.4	297.85	676.287
30.44	298.242	677.177
30.48	298.633	678.067
30.52	299.025	678.957
30.56	299.417	679.847
30.6	299.809	680.737
30.64	300.201	681.626
30.68	300.592	682.516
30.72	300.984	683.406
30.76	301.376	684.296
30.8	301.768	685.186
30.84	302.16	686.076
30.88	302.552	686.966
30.92	302.943	687.855
30.96	303.335	688.745
31	303.727	689.635
31.04	304.119	690.525
31.08	304.511	691.415
31.12	304.902	692.305
31.16	305.294	693.195
31.2	305.686	694.084
31.24	306.078	694.974
31.28	306.47	695.864
31.32	306.861	696.754
31.36	307.253	697.644
31.4	307.645	698.534
31.44	308.037	699.424
31.48	308.429	700.313
31.52	308.821	701.203
31.56	309.212	702.093
31.6	309.604	702.983
31.64	309.996	703.873
31.68	310.388	704.763
31.72	310.78	705.652
31.76	311.171	706.542
31.8	311.563	707.432
31.84	311.955	708.322
31.88	312.347	709.212
31.92	312.739	710.102
31.96	313.13	710.992
32	313.522	711.881
32.04	313.914	712.771
32.08	314.306	713.661
32.12	314.698	714.551
32.16	315.089	715.441
32.2	315.481	716.331
32.24	315.873	717.221
32.28	316.265	718.11
32.32	316.657	719
32.36	317.048	719.89
32.4	317.44	720.78
32.44	317.832	721.67
32.48	318.224	722.56
32.52	318.616	723.45
32.56	319.007	724.339
32.6	319.399	725.229
32.64	319.791	726.119
32.68	320.183	727.009
32.72	320.575	727.899
32.76	320.966	728.789
32.8	321.358	729.678
32.84	321.75	730.568
32.88	322.142	731.458
32.92	322.534	732.348
32.96	322.925	733.238
33	323.317	734.128
33.04	323.709	735.018
33.08	324.101	735.907
33.12	324.493	736.797
33.16	324.884	737.687
33.2	325.276	738.577
33.24	325.668	739.467
33.28	326.06	740.357
33.32	326.452	741.247
33.36	326.843	742.136
33.4	327.235	743.026
33.44	327.627	743.916
33.48	328.019	744.806
33.52	328.411	745.696
33.56	328.802	746.586
33.6	329.194	747.476
33.64	329.586	748.365
33.68	329.978	749.255
33.72	330.37	750.145
33.76	330.761	751.035
33.8	331.153	751.925
33.84	331.545	752.815
33.88	331.937	753.704
33.92	332.329	754.594
33.96	332.72	755.484
34	333.112	756.374
34.04	333.504	757.264
34.08	333.896	758.154
34.12	334.288	759.044
34.16	334.679	759.933
34.2	335.071	760.823
34.24	335.463	761.713
34.28	335.855	762.603
34.32	336.247	763.493
34.36	336.638	764.383
34.4	337.03	765.273
34.44	337.422	766.162
34.48	337.814	767.052
34.52	338.205	767.942
34.56	338.597	768.832
34.6	338.989	769.722
34.64	339.381	770.612
34.68	339.773	771.502
34.72	340.164	772.391
34.76	340.556	773.281
34.8	340.948	774.171
34.84	341.34	775.061
34.88	341.732	775.951
34.92	342.123	776.841
34.96	342.515	777.73
35	342.907	778.62
35.04	343.299	779.51
35.08	343.691	780.4
35.12	344.082	781.29
35.16	344.474	782.18
35.2	344.866	783.07
35.24	345.258	783.959
35.28	345.649	784.849
35.32	346.041	785.739
35.36	346.433	786.629
35.4	346.825	787.519
35.44	347.217	788.409
35.48	347.608	789.299
35.52	348	790.188
35.56	348.392	791.078
35.6	348.784	791.968
35.64	349.176	792.858
35.68	349.567	793.748
35.72	349.959	794.638
35.76	350.351	795.528
35.8	350.743	796.417
35.84	351.134	797.307
35.88	351.526	798.197
35.92	351.918	799.087
35.96	352.31	799.977
36	352.702	800.867
36.04	353.093	801.756
36.08	353.485	802.646
36.12	353.877	803.536
36.16	354.269	804.426
36.2	354.66	805.316
36.24	355.052	806.206
36.28	355.444	807.096
36.32	355.836	807.985
36.36	356.228	808.875
36.4	356.619	809.765
36.44	357.011	810.655
36.48	357.403	811.545
36.52	357.795	812.435
36.56	358.186	813.325
36.6	358.578	814.214
36.64	358.97	815.104
36.68	359.362	815.994
36.72	359.754	816.884
36.76	360.145	817.774
36.8	360.537	818.664
36.84	360.929	819.554
36.88	361.321	820.443
36.92	361.712	821.333
36.96	362.104	822.223
37	362.496	823.113
37.04	362.888	824.003
37.08	363.28	824.893
37.12	363.671	825.782
37.16	364.063	826.672
37.2	364.455	827.562
37.24	364.847	828.452
37.28	365.238	829.342
37.32	365.63	830.232
37.36	366.022	831.122
37.4	366.414	832.011
37.44	366.806	832.901
37.48	367.197	833.791
37.52	367.589	834.681
37.56	367.981	835.571
37.6	368.373	836.461
37.64	368.764	837.351
37.68	369.156	838.24
37.72	369.548	839.13
37.76	369.94	840.02
37.8	370.331	840.91
37.84	370.723	841.8
37.88	371.115	842.69
37.92	371.507	843.58
37.96	371.899	844.469
38	372.29	845.359
38.04	372.682	846.249
38.08	373.074	847.139
38.12	373.466	848.029
38.16	373.857	848.919
38.2	374.249	849.808
38.24	374.641	850.698
38.28	375.033	851.588
38.32	375.424	852.478
38.36	375.816	853.368
38.4	376.208	854.258
38.44	376.6	855.148
38.48	376.992	856.037
38.52	377.383	856.927
38.56	377.775	857.817
38.6	378.167	858.707
38.64	378.559	859.597
38.68	378.95	860.487
38.72	379.342	861.377
38.76	379.734	862.266
38.8	380.126	863.156
38.84	380.517	864.046
38.88	380.909	864.936
38.92	381.301	865.826
38.96	381.693	866.716
39	382.084	867.606
39.04	382.476	868.495
39.08	382.868	869.385
39.12	383.26	870.275
39.16	383.652	871.165
39.2	384.043	872.055
39.24	384.435	872.945
39.28	384.827	873.834
39.32	385.219	874.724
39.36	385.61	875.614
39.4	386.002	876.504
39.44	386.394	877.394
39.48	386.786	878.284
39.52	387.177	879.174
39.56	387.569	880.063
39.6	387.961	880.953
39.64	388.353	881.843
39.68	388.744	882.733
39.72	389.136	883.623
39.76	389.528	884.513
39.8	389.92	885.403
39.84	390.311	886.292
39.88	390.703	887.182
39.92	391.095	888.072
39.96	391.487	888.962
40	391.878	889.852
40.04	392.27	890.742
40.08	392.662	891.632
40.12	393.054	892.521
40.16	393.445	893.411
40.2	393.837	894.301
40.24	394.229	895.191
40.28	394.621	896.081
40.32	395.013	896.971
40.36	395.404	897.86
40.4	395.796	898.75
40.44	396.188	899.64
40.48	396.58	900.53
40.52	396.971	901.42
40.56	397.363	902.31
40.6	397.755	903.2
40.64	398.147	904.089
40.68	398.538	904.979
40.72	398.93	905.869
40.76	399.322	906.759
40.8	399.714	907.649
40.84	400.105	908.539
40.88	400.497	909.429
40.92	400.889	910.318
40.96	401.281	911.208
41	401.672	912.098
41.04	402.064	912.988
41.08	402.456	913.878
41.12	402.848	914.768
41.16	403.239	915.658
41.2	403.631	916.547
41.24	404.023	917.437
41.28	404.415	918.327
41.32	404.806	919.217
41.36	405.198	920.107
41.4	405.59	920.997
41.44	405.982	921.886
41.48	406.373	922.776
41.52	406.765	923.666
41.56	407.157	924.556
41.6	407.549	925.446
41.64	407.94	926.336
41.68	408.332	927.226
41.72	408.724	928.115
41.76	409.116	929.005
41.8	409.507	929.895
41.84	409.899	930.785
41.88	410.291	931.675
41.92	410.683	932.565
41.96	411.074	933.455
42	411.466	934.344
42.04	411.858	935.234
42.08	412.25	936.124
42.12	412.641	937.014
42.16	413.033	937.904
42.2	413.425	938.794
42.24	413.816	939.684
42.28	414.208	940.573
42.32	414.6	941.463
42.36	414.992	942.353
42.4	415.383	943.243
42.44	415.775	944.133
42.48	416.167	945.023
42.52	416.559	945.912
42.56	416.95	946.802
42.6	417.342	947.692
42.64	417.734	948.582
42.68	418.126	949.472
42.72	418.517	950.362
42.76	418.909	951.252
42.8	419.301	952.141
42.84	419.693	953.031
42.88	420.084	953.921
42.92	420.476	954.811
42.96	420.868	955.701
43	421.26	956.591
43.04	421.651	957.481
43.08	422.043	958.37
43.12	422.435	959.26
43.16	422.827	960.15
43.2	423.218	961.04
43.24	423.61	961.93
43.28	424.002	962.82
43.32	424.393	963.709
43.36	424.785	964.599
43.4	425.177	965.489
43.44	425.569	966.379
43.48	425.96	967.269
43.52	426.352	968.159
43.56	426.744	969.049
43.6	427.136	969.938
43.64	427.527	970.828
43.68	427.919	971.718
43.72	428.311	972.608
43.76	428.703	973.498
43.8	429.094	974.388
43.84	429.486	975.278
43.88	429.878	976.167
43.92	430.269	977.057
43.96	430.661	977.947
44	431.053	978.837
44.04	431.445	979.727
44.08	431.836	980.617
44.12	432.228	981.507
44.16	432.62	982.396
44.2	433.012	983.286
44.24	433.403	984.176
44.28	433.795	985.066
44.32	434.187	985.956
44.36	434.579	986.846
44.4	434.97	987.735
44.44	435.362	988.625
44.48	435.754	989.515
44.52	436.145	990.405
44.56	436.537	991.295
44.6	436.929	992.185
44.64	437.321	993.075
44.68	437.712	993.964
44.72	438.104	994.854
44.76	438.496	995.744
44.8	438.888	996.634
44.84	439.279	997.524
44.88	439.671	998.414
44.92	440.063	999.304
44.96	440.454	1000.19
45	440.846	1001.08
45.04	441.238	1001.97
45.08	441.63	1002.86
45.12	442.021	1003.75
45.16	442.413	1004.64
45.2	442.805	1005.53
45.24	443.197	1006.42
45.28	443.588	1007.31
45.32	443.98	1008.2
45.36	444.372	1009.09
45.4	444.763	1009.98
45.44	445.155	1010.87
45.48	445.547	1011.76
45.52	445.939	1012.65
45.56	446.33	1013.54
45.6	446.722	1014.43
45.64	447.114	1015.32
45.68	447.506	1016.21
45.72	447.897	1017.1
45.76	448.289	1017.99
45.8	448.681	1018.88
45.84	449.072	1019.77
45.88	449.464	1020.66
45.92	449.856	1021.55
45.96	450.248	1022.44
46	450.639	1023.33
46.04	451.031	1024.22
46.08	451.423	1025.11
46.12	451.814	1026
46.16	452.206	1026.89
46.2	452.598	1027.78
46.24	452.99	1028.67
46.28	453.381	1029.56
46.32	453.773	1030.45
46.36	454.165	1031.34
46.4	454.556	1032.23
46.44	454.948	1033.12
46.48	455.34	1034.01
46.52	455.732	1034.9
46.56	456.123	1035.79
46.6	456.515	1036.68
46.64	456.907	1037.57
46.68	457.298	1038.46
46.72	457.69	1039.35
46.76	458.082	1040.24
46.8	458.474	1041.13
46.84	458.865	1042.02
46.88	459.257	1042.91
46.92	459.649	1043.8
46.96	460.041	1044.69
47	460.432	1045.58
47.04	460.824	1046.47
47.08	461.216	1047.36
47.12	461.607	1048.25
47.16	461.999	1049.14
47.2	462.391	1050.03
47.24	462.783	1050.91
47.28	463.174	1051.8
47.32	463.566	1052.69
47.36	463.958	1053.58
47.4	464.349	1054.47
47.44	464.741	1055.36
47.48	465.133	1056.25
47.52	465.524	1057.14
47.56	465.916	1058.03
47.6	466.308	1058.92
47.64	466.7	1059.81
47.68	467.091	1060.7
47.72	467.483	1061.59
47.76	467.875	1062.48
47.8	468.266	1063.37
47.84	468.658	1064.26
47.88	469.05	1065.15
47.92	469.442	1066.04
47.96	469.833	1066.93
48	470.225	1067.82
48.04	470.617	1068.71
48.08	471.008	1069.6
48.12	471.4	1070.49
48.16	471.792	1071.38
48.2	472.184	1072.27
48.24	472.575	1073.16
48.28	472.967	1074.05
48.32	473.359	1074.94
48.36	473.75	1075.83
48.4	474.142	1076.72
48.44	474.534	1077.61
48.48	474.925	1078.5
48.52	475.317	1079.39
48.56	475.709	1080.28
48.6	476.101	1081.17
48.64	476.492	1082.06
48.68	476.884	1082.95
48.72	477.276	1083.84
48.76	477.667	1084.73
48.8	478.059	1085.62
48.84	478.451	1086.51
48.88	478.843	1087.4
48.92	479.234	1088.29
48.96	479.626	1089.18
49	480.018	1090.07
49.04	480.409	1090.96
49.08	480.801	1091.85
49.12	481.193	1092.74
49.16	481.584	1093.63
49.2	481.976	1094.52
49.24	482.368	1095.41
49.28	482.76	1096.3
49.32	483.151	1097.19
49.36	483.543	1098.08
49.4	483.935	1098.97
49.44	484.326	1099.86
49.48	484.718	1100.75
49.52	485.11	1101.64
49.56	485.501	1102.53
49.6	485.893	1103.42
49.64	486.285	1104.31
49.68	486.677	1105.2
49.72	487.068	1106.09
49.76	487.46	1106.98
49.8	487.852	1107.87
49.84	488.243	1108.76
49.88	488.635	1109.65
49.92	489.027	1110.54
49.96	489.418	1111.42
50	489.81	1112.31
50.04	490.202	1113.2
50.08	490.594	1114.09
50.12	490.985	1114.98
50.16	491.377	1115.87
50.2	491.769	1116.76
50.24	492.16	1117.65
50.28	492.552	1118.54
50.32	492.944	1119.43
50.36	493.335	1120.32
50.4	493.727	1121.21
50.44	494.119	1122.1
50.48	494.51	1122.99
50.52	494.902	1123.88
50.56	495.294	1124.77
50.6	495.686	1125.66
50.64	496.077	1126.55
50.68	496.469	1127.44
50.72	496.861	1128.33
50.76	497.252	1129.22
50.8	497.644	1130.11
50.84	498.036	1131
50.88	498.427	1131.89
50.92	498.819	1132.78
50.96	499.211	1133.67
51	499.602	1134.56
51.04	499.994	1135.45
51.08	500.386	1136.34
51.12	500.778	1137.23
51.16	501.169	1138.12
51.2	501.561	1139.01
51.24	501.953	1139.9
51.28	502.344	1140.79
51.32	502.736	1141.68
51.36	503.128	1142.57
51.4	503.519	1143.46
51.44	503.911	1144.35
51.48	504.303	1145.24
51.52	504.694	1146.13
51.56	505.086	1147.02
51.6	505.478	1147.91
51.64	505.869	1148.8
51.68	506.261	1149.69
51.72	506.653	1150.58
51.76	507.045	1151.47
51.8	507.436	1152.36
51.84	507.828	1153.25
51.88	508.22	1154.14
51.92	508.611	1155.03
51.96	509.003	1155.92
52	509.395	1156.81
52.04	509.786	1157.7
52.08	510.178	1158.59
52.12	510.57	1159.48
52.16	510.961	1160.37
52.2	511.353	1161.26
52.24	511.745	1162.15
52.28	512.136	1163.04
52.32	512.528	1163.93
52.36	512.92	1164.82
52.4	513.311	1165.71
52.44	513.703	1166.6
52.48	514.095	1167.49
52.52	514.487	1168.38
52.56	514.878	1169.27
52.6	515.27	1170.16
52.64	515.662	1171.04
52.68	516.053	1171.93
52.72	516.445	1172.82
52.76	516.837	1173.71
52.8	517.228	1174.6
52.84	517.62	1175.49
52.88	518.012	1176.38
52.92	518.403	1177.27
52.96	518.795	1178.16
53	519.187	1179.05
53.04	519.578	1179.94
53.08	519.97	1180.83
53.12	520.362	1181.72
53.16	520.753	1182.61
53.2	521.145	1183.5
53.24	521.537	1184.39
53.28	521.928	1185.28
53.32	522.32	1186.17
53.36	522.712	1187.06
53.4	523.103	1187.95
53.44	523.495	1188.84
53.48	523.887	1189.73
53.52	524.278	1190.62
53.56	524.67	1191.51
53.6	525.062	1192.4
53.64	525.453	1193.29
53.68	525.845	1194.18
53.72	526.237	1195.07
53.76	526.629	1195.96
53.8	527.02	1196.85
53.84	527.412	1197.74
53.88	527.804	1198.63
53.92	528.195	1199.52
53.96	528.587	1200.41
54	528.979	1201.3
54.04	529.37	1202.19
54.08	529.762	1203.08
54.12	530.154	1203.97
54.16	530.545	1204.86
54.2	530.937	1205.75
54.24	531.329	1206.64
54.28	531.72	1207.53
54.32	532.112	1208.42
54.36	532.504	1209.31
54.4	532.895	1210.2
54.44	533.287	1211.09
54.48	533.679	1211.98
54.52	534.07	1212.87
54.56	534.462	1213.76
54.6	534.854	1214.65
54.64	535.245	1215.54
54.68	535.637	1216.43
54.72	536.029	1217.32
54.76	536.42	1218.21
54.8	536.812	1219.1
54.84	537.204	1219.99
54.88	537.595	1220.88
54.92	537.987	1221.77
54.96	538.379	1222.66
55	538.77	1223.55
55.04	539.162	1224.44
55.08	539.554	1225.33
55.12	539.945	1226.22
55.16	540.337	1227.11
55.2	540.729	1228
55.24	541.12	1228.89
55.28	541.512	1229.78
55.32	541.904	1230.67
55.36	542.295	1231.55
55.4	542.687	1232.44
55.44	543.079	1233.33
55.48	543.47	1234.22
55.52	543.862	1235.11
55.56	544.254	1236
55.6	544.645	1236.89
55.64	545.037	1237.78
55.68	545.429	1238.67
55.72	545.82	1239.56
55.76	546.212	1240.45
55.8	546.604	1241.34
55.84	546.995	1242.23
55.88	547.387	1243.12
55.92	547.779	1244.01
55.96	548.17	1244.9
56	548.562	1245.79
56.04	548.953	1246.68
56.08	549.345	1247.57
56.12	549.737	1248.46
56.16	550.128	1249.35
56.2	550.52	1250.24
56.24	550.912	1251.13
56.28	551.303	1252.02
56.32	551.695	1252.91
56.36	552.087	1253.8
56.4	552.478	1254.69
56.44	552.87	1255.58
56.48	553.262	1256.47
56.52	553.653	1257.36
56.56	554.045	1258.25
56.6	554.437	1259.14
56.64	554.828	1260.03
56.68	555.22	1260.92
56.72	555.612	1261.81
56.76	556.003	1262.7
56.8	556.395	1263.59
56.84	556.787	1264.48
56.88	557.178	1265.37
56.92	557.57	1266.26
56.96	557.962	1267.15
57	558.353	1268.04
57.04	558.745	1268.93
57.08	559.137	1269.82
57.12	559.528	1270.71
57.16	559.92	1271.6
57.2	560.312	1272.49
57.24	560.703	1273.38
57.28	561.095	1274.27
57.32	561.486	1275.16
57.36	561.878	1276.05
57.4	562.27	1276.94
57.44	562.661	1277.83
57.48	563.053	1278.72
57.52	563.445	1279.61
57.56	563.836	1280.5
57.6	564.228	1281.39
57.64	564.62	1282.28
57.68	565.011	1283.17
57.72	565.403	1284.06
57.76	565.795	1284.95
57.8	566.186	1285.84
57.84	566.578	1286.73
57.88	566.97	1287.62
57.92	567.361	1288.51
57.96	567.753	1289.4
58	568.145	1290.29
58.04	568.536	1291.17
58.08	568.928	1292.06
58.12	569.319	1292.95
58.16	569.711	1293.84
58.2	570.103	1294.73
58.24	570.494	1295.62
58.28	570.886	1296.51
58.32	571.278	1297.4
58.36	571.669	1298.29
58.4	572.061	1299.18
58.44	572.453	1300.07
58.48	572.844	1300.96
58.52	573.236	1301.85
58.56	573.628	1302.74
58.6	574.019	1303.63
58.64	574.411	1304.52
58.68	574.802	1305.41
58.72	575.194	1306.3
58.76	575.586	1307.19
58.8	575.977	1308.08
58.84	576.369	1308.97
58.88	576.761	1309.86
58.92	577.152	1310.75
58.96	577.544	1311.64
59	577.936	1312.53
59.04	578.327	1313.42
59.08	578.719	1314.31
59.12	579.111	1315.2
59.16	579.502	1316.09
59.2	579.894	1316.98
59.24	580.285	1317.87
59.28	580.677	1318.76
59.32	581.069	1319.65
59.36	581.46	1320.54
59.4	581.852	1321.43
59.44	582.244	1322.32
59.48	582.635	1323.21
59.52	583.027	1324.1
59.56	583.419	1324.99
59.6	583.81	1325.88
59.64	584.202	1326.77
59.68	584.594	1327.66
59.72	584.985	1328.55
59.76	585.377	1329.44
59.8	585.768	1330.33
59.84	586.16	1331.22
59.88	586.552	1332.11
59.92	586.943	1333
59.96	587.335	1333.89
60	587.727	1334.78
60.04	588.118	1335.67
60.08	588.51	1336.56
60.12	588.902	1337.45
60.16	589.293	1338.34
60.2	589.685	1339.23
60.24	590.076	1340.12
60.28	590.468	1341.01
60.32	590.86	1341.9
60.36	591.251	1342.79
60.4	591.643	1343.68
60.44	592.035	1344.57
60.48	592.426	1345.46
60.52	592.818	1346.35
60.56	593.209	1347.24
60.6	593.601	1348.13
60.64	593.993	1349.02
60.68	594.384	1349.91
60.72	594.776	1350.8
60.76	595.168	1351.68
60.8	595.559	1352.57
60.84	595.951	1353.46
60.88	596.343	1354.35
60.92	596.734	1355.24
60.96	597.126	1356.13
61	597.517	1357.02
61.04	597.909	1357.91
61.08	598.301	1358.8
61.12	598.692	1359.69
61.16	599.084	1360.58
61.2	599.476	1361.47
61.24	599.867	1362.36
61.28	600.259	1363.25
61.32	600.65	1364.14
61.36	601.042	1365.03
61.4	601.434	1365.92
61.44	601.825	1366.81
61.48	602.217	1367.7
61.52	602.609	1368.59
61.56	603	1369.48
61.6	603.392	1370.37
61.64	603.783	1371.26
61.68	604.175	1372.15
61.72	604.567	1373.04
61.76	604.958	1373.93
61.8	605.35	1374.82
61.84	605.742	1375.71
61.88	606.133	1376.6
61.92	606.525	1377.49
61.96	606.916	1378.38
62	607.308	1379.27
62.04	607.7	1380.16
62.08	608.091	1381.05
62.12	608.483	1381.94
62.16	608.875	1382.83
62.2	609.266	1383.72
62.24	609.658	1384.61
62.28	610.049	1385.5
62.32	610.441	1386.39
62.36	610.833	1387.28
62.4	611.224	1388.17
62.44	611.616	1389.06
62.48	612.008	1389.95
62.52	612.399	1390.84
62.56	612.791	1391.73
62.6	613.182	1392.62
62.64	613.574	1393.51
62.68	613.966	1394.4
62.72	614.357	1395.29
62.76	614.749	1396.18
62.8	615.14	1397.07
62.84	615.532	1397.96
62.88	615.924	1398.85
62.92	616.315	1399.74
62.96	616.707	1400.63
63	617.099	1401.52
63.04	617.49	1402.41
63.08	617.882	1403.3
63.12	618.273	1404.19
63.16	618.665	1405.08
63.2	619.057	1405.97
63.24	619.448	1406.86
63.28	619.84	1407.75
63.32	620.232	1408.64
63.36	620.623	1409.53
63.4	621.015	1410.42
63.44	621.406	1411.3
63.48	621.798	1412.19
63.52	622.19	1413.08
63.56	622.581	1413.97
63.6	622.973	1414.86
63.64	623.364	1415.75
63.68	623.756	1416.64
63.72	624.148	1417.53
63.76	624.539	1418.42
63.8	624.931	1419.31
63.84	625.323	1420.2
63.88	625.714	1421.09
63.92	626.106	1421.98
63.96	626.497	1422.87
64	626.889	1423.76
64.04	627.281	1424.65
64.08	627.672	1425.54
64.12	628.064	1426.43
64.16	628.455	1427.32
64.2	628.847	1428.21
64.24	629.239	1429.1
64.28	629.63	1429.99
64.32	630.022	1430.88
64.36	630.413	1431.77
64.4	630.805	1432.66
64.44	631.197	1433.55
64.48	631.588	1434.44
64.52	631.98	1435.33
64.56	632.371	1436.22
64.6	632.763	1437.11
64.64	633.155	1438
64.68	633.546	1438.89
64.72	633.938	1439.78
64.76	634.33	1440.67
64.8	634.721	1441.56
64.84	635.113	1442.45
64.88	635.504	1443.34
64.92	635.896	1444.23
64.96	636.288	1445.12
65	636.679	1446.01
65.04	637.071	1446.9
65.08	637.462	1447.79
65.12	637.854	1448.68
65.16	638.246	1449.57
65.2	638.637	1450.46
65.24	639.029	1451.35
65.28	639.42	1452.24
65.32	639.812	1453.13
65.36	640.204	1454.02
65.4	640.595	1454.91
65.44	640.987	1455.8
65.48	641.378	1456.69
65.52	641.77	1457.58
65.56	642.162	1458.47
65.6	642.553	1459.36
65.64	642.945	1460.25
65.68	643.336	1461.14
65.72	643.728	1462.03
65.76	644.12	1462.92
65.8	644.511	1463.81
65.84	644.903	1464.7
65.88	645.294	1465.59
65.92	645.686	1466.48
65.96	646.078	1467.37
66	646.469	1468.26
66.04	646.861	1469.15
66.08	647.252	1470.04
66.12	647.644	1470.93
66.16	648.036	1471.81
66.2	648.427	1472.7
66.24	648.819	1473.59
66.28	649.21	1474.48
66.32	649.602	1475.37
66.36	649.994	1476.26
66.4	650.385	1477.15
66.44	650.777	1478.04
66.48	651.168	1478.93
66.52	651.56	1479.82
66.56	651.952	1480.71
66.6	652.343	1481.6
66.64	652.735	1482.49
66.68	653.126	1483.38
66.72	653.518	1484.27
66.76	653.91	1485.16
66.8	654.301	1486.05
66.84	654.693	1486.94
66.88	655.084	1487.83
66.92	655.476	1488.72
66.96	655.868	1489.61
67	656.259	1490.5
67.04	656.651	1491.39
67.08	657.042	1492.28
67.12	657.434	1493.17
67.16	657.825	1494.06
67.2	658.217	1494.95
67.24	658.609	1495.84
67.28	659	1496.73
67.32	659.392	1497.62
67.36	659.783	1498.51
67.4	660.175	1499.4
67.44	660.567	1500.29
67.48	660.958	1501.18
67.52	661.35	1502.07
67.56	661.741	1502.96
67.6	662.133	1503.85
67.64	662.525	1504.74
67.68	662.916	1505.63
67.72	663.308	1506.52
67.76	663.699	1507.41
67.8	664.091	1508.3
67.84	664.483	1509.19
67.88	664.874	1510.08
67.92	665.266	1510.97
67.96	665.657	1511.86
68	666.049	1512.75
68.04	666.44	1513.64
68.08	666.832	1514.53
68.12	667.224	1515.42
68.16	667.615	1516.31
68.2	668.007	1517.2
68.24	668.398	1518.09
68.28	668.79	1518.98
68.32	669.182	1519.87
68.36	669.573	1520.76
68.4	669.965	1521.65
68.44	670.356	1522.54
68.48	670.748	1523.43
68.52	671.139	1524.32
68.56	671.531	1525.21
68.6	671.923	1526.1
68.64	672.314	1526.99
68.68	672.706	1527.88
68.72	673.097	1528.77
68.76	673.489	1529.66
68.8	673.881	1530.55
68.84	674.272	1531.43
68.88	674.664	1532.32
68.92	675.055	1533.21
68.96	675.447	1534.1
69	675.838	1534.99
69.04	676.23	1535.88
69.08	676.622	1536.77
69.12	677.013	1537.66
69.16	677.405	1538.55
69.2	677.796	1539.44
69.24	678.188	1540.33
69.28	678.58	1541.22
69.32	678.971	1542.11
69.36	679.363	1543
69.4	679.754	1543.89
69.44	680.146	1544.78
69.48	680.537	1545.67
69.52	680.929	1546.56
69.56	681.321	1547.45
69.6	681.712	1548.34
69.64	682.104	1549.23
69.68	682.495	1550.12
69.72	682.887	1551.01
69.76	683.278	1551.9
69.8	683.67	1552.79
69.84	684.062	1553.68
69.88	684.453	1554.57
69.92	684.845	1555.46
69.96	685.236	1556.35
70	685.628	1557.24
70.04	686.019	1558.13
70.08	686.411	1559.02
70.12	686.803	1559.91
70.16	687.194	1560.8
70.2	687.586	1561.69
70.24	687.977	1562.58
70.28	688.369	1563.47
70.32	688.761	1564.36
70.36	689.152	1565.25
70.4	689.544	1566.14
70.44	689.935	1567.03
70.48	690.327	1567.92
70.52	690.718	1568.81
70.56	691.11	1569.7
70.6	691.502	1570.59
70.64	691.893	1571.48
70.68	692.285	1572.37
70.72	692.676	1573.26
70.76	693.068	1574.15
70.8	693.459	1575.04
70.84	693.851	1575.93
70.88	694.242	1576.82
70.92	694.634	1577.71
70.96	695.026	1578.6
71	695.417	1579.49
71.04	695.809	1580.38
71.08	696.2	1581.27
71.12	696.592	1582.16
71.16	696.983	1583.05
71.2	697.375	1583.94
71.24	697.767	1584.83
71.28	698.158	1585.72
71.32	698.55	1586.61
71.36	698.941	1587.5
71.4	699.333	1588.39
71.44	699.724	1589.28
71.48	700.116	1590.17
71.52	700.508	1591.06
71.56	700.899	1591.94
71.6	701.291	1592.83
71.64	701.682	1593.72
71.68	702.074	1594.61
71.72	702.465	1595.5
71.76	702.857	1596.39
71.8	703.249	1597.28
71.84	703.64	1598.17
71.88	704.032	1599.06
71.92	704.423	1599.95
71.96	704.815	1600.84
72	705.206	1601.73
72.04	705.598	1602.62
72.08	705.989	1603.51
72.12	706.381	1604.4
72.16	706.773	1605.29
72.2	707.164	1606.18
72.24	707.556	1607.07
72.28	707.947	1607.96
72.32	708.339	1608.85
72.36	708.73	1609.74
72.4	709.122	1610.63
72.44	709.514	1611.52
72.48	709.905	1612.41
72.52	710.297	1613.3
72.56	710.688	1614.19
72.6	711.08	1615.08
72.64	711.471	1615.97
72.68	711.863	1616.86
72.72	712.254	1617.75
72.76	712.646	1618.64
72.8	713.038	1619.53
72.84	713.429	1620.42
72.88	713.821	1621.31
72.92	714.212	1622.2
72.96	714.604	1623.09
73	714.995	1623.98
73.04	715.387	1624.87
73.08	715.778	1625.76
73.12	716.17	1626.65
73.16	716.562	1627.54
73.2	716.953	1628.43
73.24	717.345	1629.32
73.28	717.736	1630.21
73.32	718.128	1631.1
73.36	718.519	1631.99
73.4	718.911	1632.88
73.44	719.302	1633.77
73.48	719.694	1634.66
73.52	720.086	1635.55
73.56	720.477	1636.44
73.6	720.869	1637.33
73.64	721.26	1638.22
73.68	721.652	1639.11
73.72	722.043	1640
73.76	722.435	1640.89
73.8	722.826	1641.78
73.84	723.218	1642.67
73.88	723.61	1643.56
73.92	724.001	1644.45
73.96	724.393	1645.34
74	724.784	1646.23
74.04	725.176	1647.12
74.08	725.567	1648.01
74.12	725.959	1648.9
74.16	726.35	1649.79
74.2	726.742	1650.68
74.24	727.133	1651.56
74.28	727.525	1652.45
74.32	727.917	1653.34
74.36	728.308	1654.23
74.4	728.7	1655.12
74.44	729.091	1656.01
74.48	729.483	1656.9
74.52	729.874	1657.79
74.56	730.266	1658.68
74.6	730.657	1659.57
74.64	731.049	1660.46
74.68	731.441	1661.35
74.72	731.832	1662.24
74.76	732.224	1663.13
74.8	732.615	1664.02
74.84	733.007	1664.91
74.88	733.398	1665.8
74.92	733.79	1666.69
74.96	734.181	1667.58
75	734.573	1668.47
75.04	734.964	1669.36
75.08	735.356	1670.25
75.12	735.748	1671.14
75.16	736.139	1672.03
75.2	736.531	1672.92
75.24	736.922	1673.81
75.28	737.314	1674.7
75.32	737.705	1675.59
75.36	738.097	1676.48
75.4	738.488	1677.37
75.44	738.88	1678.26
75.48	739.271	1679.15
75.52	739.663	1680.04
75.56	740.054	1680.93
75.6	740.446	1681.82
75.64	740.838	1682.71
75.68	741.229	1683.6
75.72	741.621	1684.49
75.76	742.012	1685.38
75.8	742.404	1686.27
75.84	742.795	1687.16
75.88	743.187	1688.05
75.92	743.578	1688.94
75.96	743.97	1689.83
76	744.361	1690.72
76.04	744.753	1691.61
76.08	745.144	1692.5
76.12	745.536	1693.39
76.16	745.928	1694.28
76.2	746.319	1695.17
76.24	746.711	1696.06
76.28	747.102	1696.95
76.32	747.494	1697.84
76.36	747.885	1698.73
76.4	748.277	1699.62
76.44	748.668	1700.51
76.48	749.06	1701.4
76.52	749.451	1702.29
76.56	749.843	1703.18
76.6	750.234	1704.07
76.64	750.626	1704.96
76.68	751.018	1705.85
76.72	751.409	1706.74
76.76	751.801	1707.63
76.8	752.192	1708.52
76.84	752.584	1709.41
76.88	752.975	1710.3
76.92	753.367	1711.19
76.96	753.758	1712.07
77	754.15	1712.96
77.04	754.541	1713.85
77.08	754.933	1714.74
77.12	755.324	1715.63
77.16	755.716	1716.52
77.2	756.107	1717.41
77.24	756.499	1718.3
77.28	756.891	1719.19
77.32	757.282	1720.08
77.36	757.674	1720.97
77.4	758.065	1721.86
77.44	758.457	1722.75
77.48	758.848	1723.64
77.52	759.24	1724.53
77.56	759.631	1725.42
77.6	760.023	1726.31
77.64	760.414	1727.2
77.68	760.806	1728.09
77.72	761.197	1728.98
77.76	761.589	1729.87
77.8	761.98	1730.76
77.84	762.372	1731.65
77.88	762.763	1732.54
77.92	763.155	1733.43
77.96	763.547	1734.32
78	763.938	1735.21
78.04	764.33	1736.1
78.08	764.721	1736.99
78.12	765.113	1737.88
78.16	765.504	1738.77
78.2	765.896	1739.66
78.24	766.287	1740.55
78.28	766.679	1741.44
78.32	767.07	1742.33
78.36	767.462	1743.22
78.4	767.853	1744.11
78.44	768.245	1745
78.48	768.636	1745.89
78.52	769.028	1746.78
78.56	769.419	1747.67
78.6	769.811	1748.56
78.64	770.202	1749.45
78.68	770.594	1750.34
78.72	770.985	1751.23
78.76	771.377	1752.12
78.8	771.769	1753.01
78.84	772.16	1753.9
78.88	772.552	1754.79
78.92	772.943	1755.68
78.96	773.335	1756.57
79	773.726	1757.46
79.04	774.118	1758.35
79.08	774.509	1759.24
79.12	774.901	1760.13
79.16	775.292	1761.02
79.2	775.684	1761.91
79.24	776.075	1762.8
79.28	776.467	1763.69
79.32	776.858	1764.58
79.36	777.25	1765.47
79.4	777.641	1766.36
79.44	778.033	1767.25
79.48	778.424	1768.14
79.52	778.816	1769.03
79.56	779.207	1769.92
79.6	779.599	1770.81
79.64	779.99	1771.69
79.68	780.382	1772.58
79.72	780.773	1773.47
79.76	781.165	1774.36
79.8	781.556	1775.25
79.84	781.948	1776.14
79.88	782.339	1777.03
79.92	782.731	1777.92
79.96	783.123	1778.81
80	783.514	1779.7
80.04	783.906	1780.59
80.08	784.297	1781.48
80.12	784.689	1782.37
80.16	785.08	1783.26
80.2	785.472	1784.15
80.24	785.863	1785.04
80.28	786.255	1785.93
80.32	786.646	1786.82
80.36	787.038	1787.71
80.4	787.429	1788.6
80.44	787.821	1789.49
80.48	788.212	1790.38
80.52	788.604	1791.27
80.56	788.995	1792.16
80.6	789.387	1793.05
80.64	789.778	1793.94
80.68	790.17	1794.83
80.72	790.561	1795.72
80.76	790.953	1796.61
80.8	791.344	1797.5
80.84	791.736	1798.39
80.88	792.127	1799.28
80.92	792.519	1800.17
80.96	792.91	1801.06
81	793.302	1801.95
81.04	793.693	1802.84
81.08	794.085	1803.73
81.12	794.476	1804.62
81.16	794.868	1805.51
81.2	795.259	1806.4
81.24	795.651	1807.29
81.28	796.042	1808.18
81.32	796.434	1809.07
81.36	796.825	1809.96
81.4	797.217	1810.85
81.44	797.608	1811.74
81.48	798	1812.63
81.52	798.391	1813.52
81.56	798.783	1814.41
81.6	799.174	1815.3
81.64	799.566	1816.19
81.68	799.957	1817.08
81.72	800.349	1817.97
81.76	800.74	1818.86
81.8	801.132	1819.75
81.84	801.523	1820.64
81.88	801.915	1821.53
81.92	802.306	1822.42
81.96	802.698	1823.31
82	803.089	1824.2
82.04	803.481	1825.09
82.08	803.872	1825.98
82.12	804.264	1826.87
82.16	804.655	1827.76
82.2	805.047	1828.65
82.24	805.438	1829.54
82.28	805.83	1830.43
82.32	806.221	1831.32
82.36	806.613	1832.2
82.4	807.004	1833.09
82.44	807.396	1833.98
82.48	807.787	1834.87
82.52	808.179	1835.76
82.56	808.57	1836.65
82.6	808.962	1837.54
82.64	809.353	1838.43
82.68	809.745	1839.32
82.72	810.136	1840.21
82.76	810.528	1841.1
82.8	810.919	1841.99
82.84	811.311	1842.88
82.88	811.702	1843.77
82.92	812.094	1844.66
82.96	812.485	1845.55
83	812.877	1846.44
83.04	813.268	1847.33
83.08	813.66	1848.22
83.12	814.051	1849.11
83.16	814.443	1850
83.2	814.834	1850.89
83.24	815.226	1851.78
83.28	815.617	1852.67
83.32	816.009	1853.56
83.36	816.4	1854.45
83.4	816.792	1855.34
83.44	817.183	1856.23
83.48	817.575	1857.12
83.52	817.966	1858.01
83.56	818.358	1858.9
83.6	818.749	1859.79
83.64	819.141	1860.68
83.68	819.532	1861.57
83.72	819.924	1862.46
83.76	820.315	1863.35
83.8	820.707	1864.24
83.84	821.098	1865.13
83.88	821.49	1866.02
83.92	821.881	1866.91
83.96	822.273	1867.8
84	822.664	1868.69
84.04	823.056	1869.58
84.08	823.447	1870.47
84.12	823.839	1871.36
84.16	824.23	1872.25
84.2	824.622	1873.14
84.24	825.013	1874.03
84.28	825.405	1874.92
84.32	825.796	1875.81
84.36	826.188	1876.7
84.4	826.579	1877.59
84.44	826.971	1878.48
84.48	827.362	1879.37
84.52	827.754	1880.26
84.56	828.145	1881.15
84.6	828.537	1882.04
84.64	828.928	1882.93
84.68	829.32	1883.82
84.72	829.711	1884.71
84.76	830.103	1885.6
84.8	830.494	1886.49
84.84	830.885	1887.38
84.88	831.277	1888.27
84.92	831.668	1889.16
84.96	832.06	1890.05
85	832.451	1890.94
85.04	832.843	1891.82
85.08	833.234	1892.71
85.12	833.626	1893.6
85.16	834.017	1894.49
85.2	834.409	1895.38
85.24	834.8	1896.27
85.28	835.192	1897.16
85.32	835.583	1898.05
85.36	835.975	1898.94
85.4	836.366	1899.83
85.44	836.758	1900.72
85.48	837.149	1901.61
85.52	837.541	1902.5
85.56	837.932	1903.39
85.6	838.324	1904.28
85.64	838.715	1905.17
85.68	839.107	1906.06
85.72	839.498	1906.95
85.76	839.89	1907.84
85.8	840.281	1908.73
85.84	840.673	1909.62
85.88	841.064	1910.51
85.92	841.455	1911.4
85.96	841.847	1912.29
86	842.238	1913.18
86.04	842.63	1914.07
86.08	843.021	1914.96
86.12	843.413	1915.85
86.16	843.804	1916.74
86.2	844.196	1917.63
86.24	844.587	1918.52
86.28	844.979	1919.41
86.32	845.37	1920.3
86.36	845.762	1921.19
86.4	846.153	1922.08
86.44	846.545	1922.97
86.48	846.936	1923.86
86.52	847.328	1924.75
86.56	847.719	1925.64
86.6	848.111	1926.53
86.64	848.502	1927.42
86.68	848.894	1928.31
86.72	849.285	1929.2
86.76	849.676	1930.09
86.8	850.068	1930.98
86.84	850.459	1931.87
86.88	850.851	1932.76
86.92	851.242	1933.65
86.96	851.634	1934.54
87	852.025	1935.43
87.04	852.417	1936.32
87.08	852.808	1937.21
87.12	853.2	1938.1
87.16	853.591	1938.99
87.2	853.983	1939.88
87.24	854.374	1940.77
87.28	854.766	1941.66
87.32	855.157	1942.55
87.36	855.549	1943.44
87.4	855.94	1944.33
87.44	856.331	1945.22
87.48	856.723	1946.11
87.52	857.114	1947
87.56	857.506	1947.89
87.6	857.897	1948.78
87.64	858.289	1949.67
87.68	858.68	1950.56
87.72	859.072	1951.44
87.76	859.463	1952.33
87.8	859.855	1953.22
87.84	860.246	1954.11
87.88	860.638	1955
87.92	861.029	1955.89
87.96	861.421	1956.78
88	861.812	1957.67
88.04	862.203	1958.56
88.08	862.595	1959.45
88.12	862.986	1960.34
88.16	863.378	1961.23
88.2	863.769	1962.12
88.24	864.161	1963.01
88.28	864.552	1963.9
88.32	864.944	1964.79
88.36	865.335	1965.68
88.4	865.727	1966.57
88.44	866.118	1967.46
88.48	866.51	1968.35
88.52	866.901	1969.24
88.56	867.293	1970.13
88.6	867.684	1971.02
88.64	868.075	1971.91
88.68	868.467	1972.8
88.72	868.858	1973.69
88.76	869.25	1974.58
88.8	869.641	1975.47
88.84	870.033	1976.36
88.88	870.424	1977.25
88.92	870.816	1978.14
88.96	871.207	1979.03
89	871.599	1979.92
89.04	871.99	1980.81
89.08	872.382	1981.7
89.12	872.773	1982.59
89.16	873.164	1983.48
89.2	873.556	1984.37
89.24	873.947	1985.26
89.28	874.339	1986.15
89.32	874.73	1987.04
89.36	875.122	1987.93
89.4	875.513	1988.82
89.44	875.905	1989.71
89.48	876.296	1990.6
89.52	876.688	1991.49
89.56	877.079	1992.38
89.6	877.47	1993.27
89.64	877.862	1994.16
89.68	878.253	1995.05
89.72	878.645	1995.94
89.76	879.036	1996.83
89.8	879.428	1997.72
89.84	879.819	1998.61
89.88	880.211	1999.5
89.92	880.602	2000.39
89.96	880.994	2001.28
90	881.385	2002.17
90.04	881.776	2003.06
90.08	882.168	2003.95
90.12	882.559	2004.84
90.16	882.951	2005.73
90.2	883.342	2006.62
90.24	883.734	2007.51
90.28	884.125	2008.4
90.32	884.517	2009.29
90.36	884.908	2010.18
90.4	885.3	2011.07
90.44	885.691	2011.95
90.48	886.082	2012.84
90.52	886.474	2013.73
90.56	886.865	2014.62
90.6	887.257	2015.51
90.64	887.648	2016.4
90.68	888.04	2017.29
90.72	888.431	2018.18
90.76	888.823	2019.07
90.8	889.214	2019.96
90.84	889.605	2020.85
90.88	889.997	2021.74
90.92	890.388	2022.63
90.96	890.78	2023.52
91	891.171	2024.41
91.04	891.563	2025.3
91.08	891.954	2026.19
91.12	892.346	2027.08
91.16	892.737	2027.97
91.2	893.128	2028.86
91.24	893.52	2029.75
91.28	893.911	2030.64
91.32	894.303	2031.53
91.36	894.694	2032.42
91.4	895.086	2033.31
91.44	895.477	2034.2
91.48	895.869	2035.09
91.52	896.26	2035.98
91.56	896.652	2036.87
91.6	897.043	2037.76
91.64	897.434	2038.65
91.68	897.826	2039.54
91.72	898.217	2040.43
91.76	898.609	2041.32
91.8	899	2042.21
91.84	899.392	2043.1
91.88	899.783	2043.99
91.92	900.174	2044.88
91.96	900.566	2045.77
92	900.957	2046.66
92.04	901.349	2047.55
92.08	901.74	2048.44
92.12	902.132	2049.33
92.16	902.523	2050.22
92.2	902.915	2051.11
92.24	903.306	2052
92.28	903.697	2052.89
92.32	904.089	2053.78
92.36	904.48	2054.67
92.4	904.872	2055.56
92.44	905.263	2056.45
92.48	905.655	2057.34
92.52	906.046	2058.23
92.56	906.438	2059.12
92.6	906.829	2060.01
92.64	907.22	2060.9
92.68	907.612	2061.79
92.72	908.003	2062.68
92.76	908.395	2063.57
92.8	908.786	2064.46
92.84	909.178	2065.35
92.88	909.569	2066.24
92.92	909.96	2067.13
92.96	910.352	2068.02
93	910.743	2068.91
93.04	911.135	2069.8
93.08	911.526	2070.69
93.12	911.918	2071.57
93.16	912.309	2072.46
93.2	912.701	2073.35
93.24	913.092	2074.24
93.28	913.483	2075.13
93.32	913.875	2076.02
93.36	914.266	2076.91
93.4	914.658	2077.8
93.44	915.049	2078.69
93.48	915.441	2079.58
93.52	915.832	2080.47
93.56	916.223	2081.36
93.6	916.615	2082.25
93.64	917.006	2083.14
93.68	917.398	2084.03
93.72	917.789	2084.92
93.76	918.181	2085.81
93.8	918.572	2086.7
93.84	918.963	2087.59
93.88	919.355	2088.48
93.92	919.746	2089.37
93.96	920.138	2090.26
94	920.529	2091.15
94.04	920.921	2092.04
94.08	921.312	2092.93
94.12	921.703	2093.82
94.16	922.095	2094.71
94.2	922.486	2095.6
94.24	922.878	2096.49
94.28	923.269	2097.38
94.32	923.661	2098.27
94.36	924.052	2099.16
94.4	924.443	2100.05
94.44	924.835	2100.94
94.48	925.226	2101.83
94.52	925.618	2102.72
94.56	926.009	2103.61
94.6	926.401	2104.5
94.64	926.792	2105.39
94.68	927.183	2106.28
94.72	927.575	2107.17
94.76	927.966	2108.06
94.8	928.358	2108.95
94.84	928.749	2109.84
94.88	929.141	2110.73
94.92	929.532	2111.62
94.96	929.923	2112.51
95	930.315	2113.4
95.04	930.706	2114.29
95.08	931.098	2115.18
95.12	931.489	2116.07
95.16	931.88	2116.96
95.2	932.272	2117.85
95.24	932.663	2118.74
95.28	933.055	2119.63
95.32	933.446	2120.52
95.36	933.838	2121.41
95.4	934.229	2122.3
95.44	934.62	2123.19
95.48	935.012	2124.08
95.52	935.403	2124.97
95.56	935.795	2125.86
95.6	936.186	2126.75
95.64	936.578	2127.64
95.68	936.969	2128.53
95.72	937.36	2129.42
95.76	937.752	2130.31
95.8	938.143	2131.2
95.84	938.535	2132.08
95.88	938.926	2132.97
95.92	939.317	2133.86
95.96	939.709	2134.75
96	940.1	2135.64
96.04	940.492	2136.53
96.08	940.883	2137.42
96.12	941.275	2138.31
96.16	941.666	2139.2
96.2	942.057	2140.09
96.24	942.449	2140.98
96.28	942.84	2141.87
96.32	943.232	2142.76
96.36	943.623	2143.65
96.4	944.014	2144.54
96.44	944.406	2145.43
96.48	944.797	2146.32
96.52	945.189	2147.21
96.56	945.58	2148.1
96.6	945.972	2148.99
96.64	946.363	2149.88
96.68	946.754	2150.77
96.72	947.146	2151.66
96.76	947.537	2152.55
96.8	947.929	2153.44
96.84	948.32	2154.33
96.88	948.711	2155.22
96.92	949.103	2156.11
96.96	949.494	2157
97	949.886	2157.89
97.04	950.277	2158.78
97.08	950.668	2159.67
97.12	951.06	2160.56
97.16	951.451	2161.45
97.2	951.843	2162.34
97.24	952.234	2163.23
97.28	952.626	2164.12
97.32	953.017	2165.01
97.36	953.408	2165.9
97.4	953.8	2166.79
97.44	954.191	2167.68
97.48	954.583	2168.57
97.52	954.974	2169.46
97.56	955.365	2170.35
97.6	955.757	2171.24
97.64	956.148	2172.13
97.68	956.54	2173.02
97.72	956.931	2173.91
97.76	957.322	2174.8
97.8	957.714	2175.69
97.84	958.105	2176.58
97.88	958.497	2177.47
97.92	958.888	2178.36
97.96	959.279	2179.25
98	959.671	2180.14
98.04	960.062	2181.03
98.08	960.454	2181.92
98.12	960.845	2182.81
98.16	961.236	2183.7
98.2	961.628	2184.59
98.24	962.019	2185.48
98.28	962.411	2186.37
98.32	962.802	2187.26
98.36	963.193	2188.15
98.4	963.585	2189.04
98.44	963.976	2189.93
98.48	964.368	2190.82
98.52	964.759	2191.7
98.56	965.15	2192.59
98.6	965.542	2193.48
98.64	965.933	2194.37
98.68	966.325	2195.26
98.72	966.716	2196.15
98.76	967.107	2197.04
98.8	967.499	2197.93
98.84	967.89	2198.82
98.88	968.282	2199.71
98.92	968.673	2200.6
98.96	969.064	2201.49
99	969.456	2202.38
99.04	969.847	2203.27
99.08	970.239	2204.16
99.12	970.63	2205.05
99.16	971.021	2205.94
99.2	971.413	2206.83
99.24	971.804	2207.72
99.28	972.196	2208.61
99.32	972.587	2209.5
99.36	972.978	2210.39
99.4	973.37	2211.28
99.44	973.761	2212.17
99.48	974.153	2213.06
99.52	974.544	2213.95
99.56	974.935	2214.84
99.6	975.327	2215.73
99.64	975.718	2216.62
99.68	976.11	2217.51
99.72	976.501	2218.4
99.76	976.892	2219.29
99.8	977.284	2220.18
99.84	977.675	2221.07
99.88	978.067	2221.96
99.92	978.458	2222.85
99.96	978.849	2223.74
100	979.241	2224.63
100.04	979.632	2225.52
100.08	980.024	2226.41
100.12	980.415	2227.3
100.16	980.806	2228.19
100.2	981.198	2229.08
100.24	981.589	2229.97
100.28	981.981	2230.86
100.32	982.372	2231.75
100.36	982.763	2232.64
100.4	983.155	2233.53
100.44	983.546	2234.42
100.48	983.937	2235.31
100.52	984.329	2236.2
100.56	984.72	2237.09
100.6	985.112	2237.98
100.64	985.503	2238.87
100.68	985.894	2239.76
100.72	986.286	2240.65
100.76	986.677	2241.54
100.8	987.069	2242.43
100.84	987.46	2243.32
100.88	987.851	2244.21
100.92	988.243	2245.1
100.96	988.634	2245.99
101	989.026	2246.88
101.04	989.417	2247.77
101.08	989.808	2248.66
101.12	990.2	2249.55
101.16	990.591	2250.44
101.2	990.982	2251.33
101.24	991.374	2252.21
101.28	991.765	2253.1
101.32	992.157	2253.99
101.36	992.548	2254.88
101.4	992.939	2255.77
101.44	993.331	2256.66
101.48	993.722	2257.55
101.52	994.114	2258.44
101.56	994.505	2259.33
101.6	994.896	2260.22
101.64	995.288	2261.11
101.68	995.679	2262
101.72	996.07	2262.89
101.76	996.462	2263.78
101.8	996.853	2264.67
101.84	997.245	2265.56
101.88	997.636	2266.45
101.92	998.027	2267.34
101.96	998.419	2268.23
102	998.81	2269.12
102.04	999.202	2270.01
102.08	999.593	2270.9
102.12	999.984	2271.79
102.16	1000.38	2272.68
102.2	1000.77	2273.57
102.24	1001.16	2274.46
102.28	1001.55	2275.35
102.32	1001.94	2276.24
102.36	1002.33	2277.13
102.4	1002.72	2278.02
102.44	1003.12	2278.91
102.48	1003.51	2279.8
102.52	1003.9	2280.69
102.56	1004.29	2281.58
102.6	1004.68	2282.47
102.64	1005.07	2283.36
102.68	1005.46	2284.25
102.72	1005.85	2285.14
102.76	1006.25	2286.03
102.8	1006.64	2286.92
102.84	1007.03	2287.81
102.88	1007.42	2288.7
102.92	1007.81	2289.59
102.96	1008.2	2290.48
103	1008.59	2291.37
103.04	1008.99	2292.26
103.08	1009.38	2293.15
103.12	1009.77	2294.04
103.16	1010.16	2294.93
103.2	1010.55	2295.82
103.24	1010.94	2296.71
103.28	1011.33	2297.6
103.32	1011.73	2298.49
103.36	1012.12	2299.38
103.4	1012.51	2300.27
103.44	1012.9	2301.16
103.48	1013.29	2302.05
103.52	1013.68	2302.94
103.56	1014.07	2303.83
103.6	1014.47	2304.72
103.64	1014.86	2305.61
103.68	1015.25	2306.5
103.72	1015.64	2307.39
103.76	1016.03	2308.28
103.8	1016.42	2309.17
103.84	1016.81	2310.06
103.88	1017.2	2310.95
103.92	1017.6	2311.83
103.96	1017.99	2312.72
104	1018.38	2313.61
104.04	1018.77	2314.5
104.08	1019.16	2315.39
104.12	1019.55	2316.28
104.16	1019.94	2317.17
104.2	1020.34	2318.06
104.24	1020.73	2318.95
104.28	1021.12	2319.84
104.32	1021.51	2320.73
104.36	1021.9	2321.62
104.4	1022.29	2322.51
104.44	1022.68	2323.4
104.48	1023.08	2324.29
104.52	1023.47	2325.18
104.56	1023.86	2326.07
104.6	1024.25	2326.96
104.64	1024.64	2327.85
104.68	1025.03	2328.74
104.72	1025.42	2329.63
104.76	1025.81	2330.52
104.8	1026.21	2331.41
104.84	1026.6	2332.3
104.88	1026.99	2333.19
104.92	1027.38	2334.08
104.96	1027.77	2334.97
105	1028.16	2335.86
105.04	1028.55	2336.75
105.08	1028.95	2337.64
105.12	1029.34	2338.53
105.16	1029.73	2339.42
105.2	1030.12	2340.31
105.24	1030.51	2341.2
105.28	1030.9	2342.09
105.32	1031.29	2342.98
105.36	1031.69	2343.87
105.4	1032.08	2344.76
105.44	1032.47	2345.65
105.48	1032.86	2346.54
105.52	1033.25	2347.43
105.56	1033.64	2348.32
105.6	1034.03	2349.21
105.64	1034.42	2350.1
105.68	1034.82	2350.99
105.72	1035.21	2351.88
105.76	1035.6	2352.77
105.8	1035.99	2353.66
105.84	1036.38	2354.55
105.88	1036.77	2355.44
105.92	1037.16	2356.33
105.96	1037.56	2357.22
106	1037.95	2358.11
106.04	1038.34	2359
106.08	1038.73	2359.89
106.12	1039.12	2360.78
106.16	1039.51	2361.67
106.2	1039.9	2362.56
106.24	1040.3	2363.45
106.28	1040.69	2364.34
106.32	1041.08	2365.23
106.36	1041.47	2366.12
106.4	1041.86	2367.01
106.44	1042.25	2367.9
106.48	1042.64	2368.79
106.52	1043.03	2369.68
106.56	1043.43	2370.57
106.6	1043.82	2371.46
106.64	1044.21	2372.34
106.68	1044.6	2373.23
106.72	1044.99	2374.12
106.76	1045.38	2375.01
106.8	1045.77	2375.9
106.84	1046.17	2376.79
106.88	1046.56	2377.68
106.92	1046.95	2378.57
106.96	1047.34	2379.46
107	1047.73	2380.35
107.04	1048.12	2381.24
107.08	1048.51	2382.13
107.12	1048.9	2383.02
107.16	1049.3	2383.91
107.2	1049.69	2384.8
107.24	1050.08	2385.69
107.28	1050.47	2386.58
107.32	1050.86	2387.47
107.36	1051.25	2388.36
107.4	1051.64	2389.25
107.44	1052.04	2390.14
107.48	1052.43	2391.03
107.52	1052.82	2391.92
107.56	1053.21	2392.81
107.6	1053.6	2393.7
107.64	1053.99	2394.59
107.68	1054.38	2395.48
107.72	1054.78	2396.37
107.76	1055.17	2397.26
107.8	1055.56	2398.15
107.84	1055.95	2399.04
107.88	1056.34	2399.93
107.92	1056.73	2400.82
107.96	1057.12	2401.71
108	1057.51	2402.6
108.04	1057.91	2403.49
108.08	1058.3	2404.38
108.12	1058.69	2405.27
108.16	1059.08	2406.16
108.2	1059.47	2407.05
108.24	1059.86	2407.94
108.28	1060.25	2408.83
108.32	1060.65	2409.72
108.36	1061.04	2410.61
108.4	1061.43	2411.5
108.44	1061.82	2412.39
108.48	1062.21	2413.28
108.52	1062.6	2414.17
108.56	1062.99	2415.06
108.6	1063.38	2415.95
108.64	1063.78	2416.84
108.68	1064.17	2417.73
108.72	1064.56	2418.62
108.76	1064.95	2419.51
108.8	1065.34	2420.4
108.84	1065.73	2421.29
108.88	1066.12	2422.18
108.92	1066.52	2423.07
108.96	1066.91	2423.96
109	1067.3	2424.85
109.04	1067.69	2425.74
109.08	1068.08	2426.63
109.12	1068.47	2427.52
109.16	1068.86	2428.41
109.2	1069.25	2429.3
109.24	1069.65	2430.19
109.28	1070.04	2431.08
109.32	1070.43	2431.96
109.36	1070.82	2432.85
109.4	1071.21	2433.74
109.44	1071.6	2434.63
109.48	1071.99	2435.52
109.52	1072.39	2436.41
109.56	1072.78	2437.3
109.6	1073.17	2438.19
109.64	1073.56	2439.08
109.68	1073.95	2439.97
109.72	1074.34	2440.86
109.76	1074.73	2441.75
109.8	1075.12	2442.64
109.84	1075.52	2443.53
109.88	1075.91	2444.42
109.92	1076.3	2445.31
109.96	1076.69	2446.2
110	1077.08	2447.09
110.04	1077.47	2447.98
110.08	1077.86	2448.87
110.12	1078.26	2449.76
110.16	1078.65	2450.65
110.2	1079.04	2451.54
110.24	1079.43	2452.43
110.28	1079.82	2453.32
110.32	1080.21	2454.21
110.36	1080.6	2455.1
110.4	1080.99	2455.99
110.44	1081.39	2456.88
110.48	1081.78	2457.77
110.52	1082.17	2458.66
110.56	1082.56	2459.55
110.6	1082.95	2460.44
110.64	1083.34	2461.33
110.68	1083.73	2462.22
110.72	1084.13	2463.11
110.76	1084.52	2464
110.8	1084.91	2464.89
110.84	1085.3	2465.78
110.88	1085.69	2466.67
110.92	1086.08	2467.56
110.96	1086.47	2468.45
111	1086.86	2469.34
111.04	1087.26	2470.23
111.08	1087.65	2471.12
111.12	1088.04	2472.01
111.16	1088.43	2472.9
111.2	1088.82	2473.79
111.24	1089.21	2474.68
111.28	1089.6	2475.57
111.32	1090	2476.46
111.36	1090.39	2477.35
111.4	1090.78	2478.24
111.44	1091.17	2479.13
111.48	1091.56	2480.02
111.52	1091.95	2480.91
111.56	1092.34	2481.8
111.6	1092.73	2482.69
111.64	1093.13	2483.58
111.68	1093.52	2484.47
111.72	1093.91	2485.36
111.76	1094.3	2486.25
111.8	1094.69	2487.14
111.84	1095.08	2488.03
111.88	1095.47	2488.92
111.92	1095.87	2489.81
111.96	1096.26	2490.7
112	1096.65	2491.59
112.04	1097.04	2492.47
112.08	1097.43	2493.36
112.12	1097.82	2494.25
112.16	1098.21	2495.14
112.2	1098.6	2496.03
112.24	1099	2496.92
112.28	1099.39	2497.81
112.32	1099.78	2498.7
112.36	1100.17	2499.59
112.4	1100.56	2500.48
112.44	1100.95	2501.37
112.48	1101.34	2502.26
112.52	1101.73	2503.15
112.56	1102.13	2504.04
112.6	1102.52	2504.93
112.64	1102.91	2505.82
112.68	1103.3	2506.71
112.72	1103.69	2507.6
112.76	1104.08	2508.49
112.8	1104.47	2509.38
112.84	1104.87	2510.27
112.88	1105.26	2511.16
112.92	1105.65	2512.05
112.96	1106.04	2512.94
113	1106.43	2513.83
113.04	1106.82	2514.72
113.08	1107.21	2515.61
113.12	1107.6	2516.5
113.16	1108	2517.39
113.2	1108.39	2518.28
113.24	1108.78	2519.17
113.28	1109.17	2520.06
113.32	1109.56	2520.95
113.36	1109.95	2521.84
113.4	1110.34	2522.73
113.44	1110.74	2523.62
113.48	1111.13	2524.51
113.52	1111.52	2525.4
113.56	1111.91	2526.29
113.6	1112.3	2527.18
113.64	1112.69	2528.07
113.68	1113.08	2528.96
113.72	1113.47	2529.85
113.76	1113.87	2530.74
113.8	1114.26	2531.63
113.84	1114.65	2532.52
113.88	1115.04	2533.41
113.92	1115.43	2534.3
113.96	1115.82	2535.19
114	1116.21	2536.08
114.04	1116.6	2536.97
114.08	1117	2537.86
114.12	1117.39	2538.75
114.16	1117.78	2539.64
114.2	1118.17	2540.53
114.24	1118.56	2541.42
114.28	1118.95	2542.31
114.32	1119.34	2543.2
114.36	1119.74	2544.09
114.4	1120.13	2544.98
114.44	1120.52	2545.87
114.48	1120.91	2546.76
114.52	1121.3	2547.65
114.56	1121.69	2548.54
114.6	1122.08	2549.43
114.64	1122.47	2550.32
114.68	1122.87	2551.21
114.72	1123.26	2552.09
114.76	1123.65	2552.98
114.8	1124.04	2553.87
114.84	1124.43	2554.76
114.88	1124.82	2555.65
114.92	1125.21	2556.54
114.96	1125.6	2557.43
115	1126	2558.32
115.04	1126.39	2559.21
115.08	1126.78	2560.1
115.12	1127.17	2560.99
115.16	1127.56	2561.88
115.2	1127.95	2562.77
115.24	1128.34	2563.66
115.28	1128.74	2564.55
115.32	1129.13	2565.44
115.36	1129.52	2566.33
115.4	1129.91	2567.22
115.44	1130.3	2568.11
115.48	1130.69	2569
115.52	1131.08	2569.89
115.56	1131.47	2570.78
115.6	1131.87	2571.67
115.64	1132.26	2572.56
115.68	1132.65	2573.45
115.72	1133.04	2574.34
115.76	1133.43	2575.23
115.8	1133.82	2576.12
115.84	1134.21	2577.01
115.88	1134.6	2577.9
115.92	1135	2578.79
115.96	1135.39	2579.68
116	1135.78	2580.57
116.04	1136.17	2581.46
116.08	1136.56	2582.35
116.12	1136.95	2583.24
116.16	1137.34	2584.13
116.2	1137.73	2585.02
116.24	1138.13	2585.91
116.28	1138.52	2586.8
116.32	1138.91	2587.69
116.36	1139.3	2588.58
116.4	1139.69	2589.47
116.44	1140.08	2590.36
116.48	1140.47	2591.25
116.52	1140.87	2592.14
116.56	1141.26	2593.03
116.6	1141.65	2593.92
116.64	1142.04	2594.81
116.68	1142.43	2595.7
116.72	1142.82	2596.59
116.76	1143.21	2597.48
116.8	1143.6	2598.37
116.84	1144	2599.26
116.88	1144.39	2600.15
116.92	1144.78	2601.04
116.96	1145.17	2601.93
117	1145.56	2602.82
117.04	1145.95	2603.71
117.08	1146.34	2604.6
117.12	1146.73	2605.49
117.16	1147.13	2606.38
117.2	1147.52	2607.27
117.24	1147.91	2608.16
117.28	1148.3	2609.05
117.32	1148.69	2609.94
117.36	1149.08	2610.83
117.4	1149.47	2611.72
117.44	1149.87	2612.6
117.48	1150.26	2613.49
117.52	1150.65	2614.38
117.56	1151.04	2615.27
117.6	1151.43	2616.16
117.64	1151.82	2617.05
117.68	1152.21	2617.94
117.72	1152.6	2618.83
117.76	1153	2619.72
117.8	1153.39	2620.61
117.84	1153.78	2621.5
117.88	1154.17	2622.39
117.92	1154.56	2623.28
117.96	1154.95	2624.17
118	1155.34	2625.06
118.04	1155.73	2625.95
118.08	1156.13	2626.84
118.12	1156.52	2627.73
118.16	1156.91	2628.62
118.2	1157.3	2629.51
118.24	1157.69	2630.4
118.28	1158.08	2631.29
118.32	1158.47	2632.18
118.36	1158.86	2633.07
118.4	1159.26	2633.96
118.44	1159.65	2634.85
118.48	1160.04	2635.74
118.52	1160.43	2636.63
118.56	1160.82	2637.52
118.6	1161.21	2638.41
118.64	1161.6	2639.3
118.68	1161.99	2640.19
118.72	1162.39	2641.08
118.76	1162.78	2641.97
118.8	1163.17	2642.86
118.84	1163.56	2643.75
118.88	1163.95	2644.64
118.92	1164.34	2645.53
118.96	1164.73	2646.42
119	1165.13	2647.31
119.04	1165.52	2648.2
119.08	1165.91	2649.09
119.12	1166.3	2649.98
119.16	1166.69	2650.87
119.2	1167.08	2651.76
119.24	1167.47	2652.65
119.28	1167.86	2653.54
119.32	1168.26	2654.43
119.36	1168.65	2655.32
119.4	1169.04	2656.21
119.44	1169.43	2657.1
119.48	1169.82	2657.99
119.52	1170.21	2658.88
119.56	1170.6	2659.77
119.6	1170.99	2660.66
119.64	1171.39	2661.55
119.68	1171.78	2662.44
119.72	1172.17	2663.33
119.76	1172.56	2664.22
119.8	1172.95	2665.11
119.84	1173.34	2666
119.88	1173.73	2666.89
119.92	1174.12	2667.78
119.96	1174.52	2668.67
