0	0	-0
0.04	0.391995	0.0156784
0.08	0.783962	0.0626939
0.12	1.17588	0.140988
0.16	1.56771	0.250464
0.2	1.95943	0.390987
0.24	2.35102	0.562383
0.28	2.74245	0.764442
0.32	3.13369	0.996918
0.36	3.52471	1.25953
0.4	3.91549	1.55196
0.44	4.306	1.87385
0.48	4.69622	2.22484
0.52	5.08611	2.60449
0.56	5.47565	3.01238
0.6	5.86482	3.44803
0.64	6.25359	3.91095
0.68	6.64193	4.40061
0.72	7.02982	4.91648
0.76	7.41722	5.45798
0.8	7.80412	6.02454
0.84	8.19049	6.61554
0.88	8.57631	7.23039
0.92	8.96154	7.86843
0.96	9.34616	8.52904
1	9.73015	9.21154
1.04	10.1135	9.9153
1.08	10.4961	10.6396
1.12	10.8781	11.3838
1.16	11.2593	12.1473
1.2	11.6398	12.9293
1.24	12.0195	13.7291
1.28	12.3983	14.5461
1.32	12.7764	15.3796
1.36	13.1536	16.229
1.4	13.5299	17.0935
1.44	13.9054	17.9725
1.48	14.2799	18.8653
1.52	14.6535	19.7713
1.56	15.0261	20.6899
1.6	15.3977	21.6205
1.64	15.7684	22.5623
1.68	16.138	23.5149
1.72	16.5065	24.4775
1.76	16.874	25.4498
1.8	17.2404	26.431
1.84	17.6057	27.4206
1.88	17.9698	28.4182
1.92	18.3328	29.4231
1.96	18.6947	30.4349
2	19.0553	31.4532
2.04	19.4147	32.4773
2.08	19.773	33.5069
2.12	20.1299	34.5415
2.16	20.4856	35.5807
2.2	20.8401	36.6241
2.24	21.1932	37.6712
2.28	21.545	38.7218
2.32	21.8955	39.7755
2.36	22.2446	40.8318
2.4	22.5924	41.8906
2.44	22.9388	42.9513
2.48	23.2838	44.0139
2.52	23.6274	45.0779
2.56	23.9695	46.1431
2.6	24.3102	47.2092
2.64	24.6495	48.276
2.68	24.9873	49.3433
2.72	25.3236	50.4108
2.76	25.6584	51.4783
2.8	25.9917	52.5456
2.84	26.3235	53.6126
2.88	26.6538	54.679
2.92	26.9825	55.7447
2.96	27.3096	56.8096
3	27.6352	57.8734
3.04	27.9592	58.9361
3.08	28.2816	59.9976
3.12	28.6024	61.0577
3.16	28.9216	62.1163
3.2	29.2392	63.1733
3.24	29.5552	64.2287
3.28	29.8695	65.2823
3.32	30.1821	66.3341
3.36	30.4931	67.384
3.4	30.8025	68.4319
3.44	31.1101	69.4778
3.48	31.4161	70.5216
3.52	31.7204	71.5633
3.56	32.023	72.6028
3.6	32.3239	73.6402
3.64	32.6231	74.6753
3.68	32.9206	75.7082
3.72	33.2164	76.7389
3.76	33.5104	77.7672
3.8	33.8028	78.7933
3.84	34.0933	79.817
3.88	34.3822	80.8384
3.92	34.6693	81.8576
3.96	34.9546	82.8744
4	35.2382	83.8889
4.04	35.5201	84.901
4.08	35.8002	85.9109
4.12	36.0785	86.9185
4.16	36.3551	87.9239
4.2	36.6299	88.9269
4.24	36.9029	89.9277
4.28	37.1742	90.9263
4.32	37.4437	91.9227
4.36	37.7115	92.9169
4.4	37.9774	93.9089
4.44	38.2416	94.8988
4.48	38.504	95.8865
4.52	38.7647	96.8722
4.56	39.0236	97.8558
4.6	39.2807	98.8373
4.64	39.536	99.8169
4.68	39.7896	100.794
4.72	40.0413	101.77
4.76	40.2914	102.744
4.8	40.5396	103.715
4.84	40.7861	104.685
4.88	41.0308	105.653
4.92	41.2738	106.62
4.96	41.515	107.584
5	41.7545	108.547
5.04	41.9922	109.508
5.08	42.2281	110.467
5.12	42.4623	111.425
5.16	42.6948	112.381
5.2	42.9255	113.335
5.24	43.1545	114.288
5.28	43.3818	115.239
5.32	43.6073	116.189
5.36	43.8311	117.137
5.4	44.0531	118.084
5.44	44.2735	119.03
5.48	44.4922	119.974
5.52	44.7091	120.917
5.56	44.9244	121.858
5.6	45.1379	122.798
5.64	45.3498	123.737
5.68	45.5599	124.674
5.72	45.7684	125.611
5.76	45.9753	126.546
5.8	46.1804	127.48
5.84	46.3839	128.413
5.88	46.5858	129.345
5.92	46.786	130.275
5.96	46.9845	131.205
6	47.1814	132.133
6.04	47.3767	133.061
6.08	47.5704	133.987
6.12	47.7625	134.913
6.16	47.9529	135.838
6.2	48.1418	136.761
6.24	48.329	137.684
6.28	48.5147	138.606
6.32	48.6988	139.527
6.36	48.8813	140.447
6.4	49.0622	141.367
6.44	49.2416	142.285
6.48	49.4195	143.203
6.52	49.5958	144.12
6.56	49.7706	145.036
6.6	49.9438	145.952
6.64	50.1156	146.867
6.68	50.2858	147.781
6.72	50.4545	148.695
6.76	50.6218	149.608
6.8	50.7875	150.52
6.84	50.9518	151.431
6.88	51.1146	152.343
6.92	51.276	153.253
6.96	51.4359	154.163
7	51.5943	155.072
7.04	51.7514	155.981
7.08	51.907	156.889
7.12	52.0612	157.797
7.16	52.2139	158.704
7.2	52.3653	159.611
7.24	52.5153	160.517
7.28	52.6639	161.423
7.32	52.8112	162.328
7.36	52.9571	163.233
7.4	53.1016	164.138
7.44	53.2448	165.042
7.48	53.3867	165.946
7.52	53.5272	166.849
7.56	53.6664	167.752
7.6	53.8043	168.654
7.64	53.9409	169.556
7.68	54.0762	170.458
7.72	54.2102	171.36
7.76	54.343	172.261
7.8	54.4745	173.162
7.84	54.6047	174.062
7.88	54.7337	174.962
7.92	54.8615	175.862
7.96	54.988	176.762
8	55.1133	177.661
8.04	55.2374	178.56
8.08	55.3603	179.459
8.12	55.482	180.358
8.16	55.6025	181.256
8.2	55.7219	182.154
8.24	55.8401	183.052
8.28	55.9571	183.949
8.32	56.073	184.847
8.36	56.1877	185.744
8.4	56.3013	186.641
8.44	56.4138	187.537
8.48	56.5252	188.434
8.52	56.6355	189.33
8.56	56.7447	190.226
8.6	56.8528	191.122
8.64	56.9598	192.018
8.68	57.0658	192.914
8.72	57.1707	193.809
8.76	57.2745	194.704
8.8	57.3773	195.599
8.84	57.4791	196.494
8.88	57.5798	197.389
8.92	57.6796	198.284
8.96	57.7783	199.178
9	57.876	200.072
9.04	57.9728	200.967
9.08	58.0685	201.861
9.12	58.1633	202.755
9.16	58.2571	203.649
9.2	58.35	204.542
9.24	58.4419	205.436
9.28	58.5329	206.329
9.32	58.6229	207.223
9.36	58.712	208.116
9.4	58.8002	209.009
9.44	58.8875	209.902
9.48	58.9739	210.795
9.52	59.0594	211.688
9.56	59.144	212.581
9.6	59.2278	213.474
9.64	59.3106	214.366
9.68	59.3926	215.259
9.72	59.4738	216.151
9.76	59.5541	217.044
9.8	59.6336	217.936
9.84	59.7122	218.828
9.88	59.79	219.72
9.92	59.8671	220.613
9.96	59.9433	221.505
10	60.0187	222.397
10.04	60.0933	223.288
10.08	60.1671	224.18
10.12	60.2401	225.072
10.16	60.3124	225.964
10.2	60.3839	226.855
10.24	60.4547	227.747
10.28	60.5247	228.639
10.32	60.5939	229.53
10.36	60.6625	230.422
10.4	60.7303	231.313
10.44	60.7974	232.204
10.48	60.8637	233.096
10.52	60.9294	233.987
10.56	60.9944	234.878
10.6	61.0586	235.769
10.64	61.1222	236.66
10.68	61.1851	237.551
10.72	61.2473	238.443
10.76	61.3089	239.334
10.8	61.3698	240.225
10.84	61.43	241.116
10.88	61.4896	242.006
10.92	61.5486	242.897
10.96	61.6069	243.788
11	61.6646	244.679
11.04	61.7217	245.57
11.08	61.7781	246.461
11.12	61.8339	247.351
11.16	61.8892	248.242
11.2	61.9438	249.133
11.24	61.9979	250.023
11.28	62.0513	250.914
11.32	62.1042	251.805
11.36	62.1565	252.695
11.4	62.2082	253.586
11.44	62.2594	254.476
11.48	62.31	255.367
11.52	62.3601	256.257
11.56	62.4096	257.148
11.6	62.4586	258.038
11.64	62.507	258.929
11.68	62.5549	259.819
11.72	62.6023	260.709
11.76	62.6492	261.6
11.8	62.6955	262.49
11.84	62.7414	263.381
11.88	62.7867	264.271
11.92	62.8315	265.161
11.96	62.8759	266.052
12	62.9198	266.942
12.04	62.9631	267.832
12.08	63.006	268.722
12.12	63.0485	269.613
12.16	63.0904	270.503
12.2	63.1319	271.393
12.24	63.1729	272.283
12.28	63.2135	273.174
12.32	63.2537	274.064
12.36	63.2933	274.954
12.4	63.3326	275.844
12.44	63.3714	276.734
12.48	63.4098	277.624
12.52	63.4477	278.515
12.56	63.4853	279.405
12.6	63.5224	280.295
12.64	63.5591	281.185
12.68	63.5954	282.075
12.72	63.6313	282.965
12.76	63.6668	283.855
12.8	63.7019	284.745
12.84	63.7366	285.635
12.88	63.7709	286.526
12.92	63.8049	287.416
12.96	63.8384	288.306
13	63.8716	289.196
13.04	63.9044	290.086
13.08	63.9369	290.976
13.12	63.9689	291.866
13.16	64.0007	292.756
13.2	64.032	293.646
13.24	64.063	294.536
13.28	64.0937	295.426
13.32	64.124	296.316
13.36	64.154	297.206
13.4	64.1837	298.096
13.44	64.213	298.986
13.48	64.242	299.876
13.52	64.2706	300.766
13.56	64.299	301.656
13.6	64.327	302.546
13.64	64.3547	303.436
13.68	64.3821	304.326
13.72	64.4092	305.216
13.76	64.4359	306.106
13.8	64.4624	306.996
13.84	64.4886	307.886
13.88	64.5145	308.776
13.92	64.5401	309.666
13.96	64.5654	310.555
14	64.5904	311.445
14.04	64.6151	312.335
14.08	64.6395	313.225
14.12	64.6637	314.115
14.16	64.6876	315.005
14.2	64.7113	315.895
14.24	64.7346	316.785
14.28	64.7577	317.675
14.32	64.7806	318.565
14.36	64.8031	319.455
14.4	64.8255	320.345
14.44	64.8475	321.235
14.48	64.8693	322.124
14.52	64.8909	323.014
14.56	64.9122	323.904
14.6	64.9333	324.794
14.64	64.9542	325.684
14.68	64.9748	326.574
14.72	64.9951	327.464
14.76	65.0153	328.354
14.8	65.0352	329.244
14.84	65.0549	330.134
14.88	65.0743	331.024
14.92	65.0936	331.913
14.96	65.1126	332.803
15	65.1314	333.693
15.04	65.15	334.583
15.08	65.1684	335.473
15.12	65.1865	336.363
15.16	65.2045	337.253
15.2	65.2222	338.143
15.24	65.2398	339.033
15.28	65.2571	339.922
15.32	65.2743	340.812
15.36	65.2913	341.702
15.4	65.308	342.592
15.44	65.3246	343.482
15.48	65.341	344.372
15.52	65.3572	345.262
15.56	65.3732	346.152
15.6	65.389	347.041
15.64	65.4047	347.931
15.68	65.4201	348.821
15.72	65.4354	349.711
15.76	65.4505	350.601
15.8	65.4655	351.491
15.84	65.4802	352.381
15.88	65.4948	353.271
15.92	65.5093	354.16
15.96	65.5235	355.05
16	65.5377	355.94
16.04	65.5516	356.83
16.08	65.5654	357.72
16.12	65.579	358.61
16.16	65.5925	359.5
16.2	65.6058	360.39
16.24	65.619	361.279
16.28	65.632	362.169
16.32	65.6448	363.059
16.36	65.6575	363.949
16.4	65.6701	364.839
16.44	65.6825	365.729
16.48	65.6948	366.619
16.52	65.7069	367.508
16.56	65.7189	368.398
16.6	65.7308	369.288
16.64	65.7425	370.178
16.68	65.7541	371.068
16.72	65.7656	371.958
16.76	65.7769	372.848
16.8	65.7881	373.737
16.84	65.7992	374.627
16.88	65.8101	375.517
16.92	65.8209	376.407
16.96	65.8316	377.297
17	65.8422	378.187
17.04	65.8526	379.077
17.08	65.8629	379.966
17.12	65.8731	380.856
17.16	65.8832	381.746
17.2	65.8932	382.636
17.24	65.903	383.526
17.28	65.9128	384.416
17.32	65.9224	385.306
17.36	65.9319	386.196
17.4	65.9413	387.085
17.44	65.9506	387.975
17.48	65.9598	388.865
17.52	65.9689	389.755
17.56	65.9779	390.645
17.6	65.9868	391.535
17.64	65.9955	392.425
17.68	66.0042	393.314
17.72	66.0128	394.204
17.76	66.0213	395.094
17.8	66.0296	395.984
17.84	66.0379	396.874
17.88	66.0461	397.764
17.92	66.0542	398.653
17.96	66.0622	399.543
18	66.0701	400.433
18.04	66.0779	401.323
18.08	66.0856	402.213
18.12	66.0933	403.103
18.16	66.1008	403.993
18.2	66.1083	404.882
18.24	66.1156	405.772
18.28	66.1229	406.662
18.32	66.1301	407.552
18.36	66.1372	408.442
18.4	66.1443	409.332
18.44	66.1512	410.222
18.48	66.1581	411.111
18.52	66.1649	412.001
18.56	66.1716	412.891
18.6	66.1782	413.781
18.64	66.1848	414.671
18.68	66.1913	415.561
18.72	66.1977	416.451
18.76	66.204	417.34
18.8	66.2103	418.23
18.84	66.2165	419.12
18.88	66.2226	420.01
18.92	66.2287	420.9
18.96	66.2346	421.79
19	66.2405	422.68
19.04	66.2464	423.569
19.08	66.2521	424.459
19.12	66.2579	425.349
19.16	66.2635	426.239
19.2	66.2691	427.129
19.24	66.2746	428.019
19.28	66.28	428.909
19.32	66.2854	429.798
19.36	66.2907	430.688
19.4	66.296	431.578
19.44	66.3012	432.468
19.48	66.3063	433.358
19.52	66.3114	434.248
19.56	66.3164	435.138
19.6	66.3214	436.027
19.64	66.3263	436.917
19.68	66.3311	437.807
19.72	66.3359	438.697
19.76	66.3406	439.587
19.8	66.3453	440.477
19.84	66.3499	441.366
19.88	66.3545	442.256
19.92	66.359	443.146
19.96	66.3635	444.036
20	66.3679	444.926
20.04	66.3723	445.816
20.08	66.3766	446.706
20.12	66.3808	447.595
20.16	66.385	448.485
20.2	66.3892	449.375
20.24	66.3933	450.265
20.28	66.3974	451.155
20.32	66.4014	452.045
20.36	66.4054	452.935
20.4	66.4093	453.824
20.44	66.4132	454.714
20.48	66.417	455.604
20.52	66.4208	456.494
20.56	66.4245	457.384
20.6	66.4282	458.274
20.64	66.4319	459.164
20.68	66.4355	460.053
20.72	66.4391	460.943
20.76	66.4426	461.833
20.8	66.4461	462.723
20.84	66.4496	463.613
20.88	66.453	464.503
20.92	66.4564	465.392
20.96	66.4597	466.282
21	66.463	467.172
21.04	66.4663	468.062
21.08	66.4695	468.952
21.12	66.4726	469.842
21.16	66.4758	470.732
21.2	66.4789	471.621
21.24	66.482	472.511
21.28	66.485	473.401
21.32	66.488	474.291
21.36	66.491	475.181
21.4	66.4939	476.071
21.44	66.4968	476.961
21.48	66.4997	477.85
21.52	66.5025	478.74
21.56	66.5053	479.63
21.6	66.5081	480.52
21.64	66.5108	481.41
21.68	66.5135	482.3
21.72	66.5162	483.19
21.76	66.5188	484.079
21.8	66.5214	484.969
21.84	66.524	485.859
21.88	66.5265	486.749
21.92	66.529	487.639
21.96	66.5315	488.529
22	66.534	489.418
22.04	66.5364	490.308
22.08	66.5388	491.198
22.12	66.5412	492.088
22.16	66.5435	492.978
22.2	66.5459	493.868
22.24	66.5481	494.758
22.28	66.5504	495.647
22.32	66.5527	496.537
22.36	66.5549	497.427
22.4	66.5571	498.317
22.44	66.5592	499.207
22.48	66.5613	500.097
22.52	66.5635	500.987
22.56	66.5655	501.876
22.6	66.5676	502.766
22.64	66.5696	503.656
22.68	66.5717	504.546
22.72	66.5737	505.436
22.76	66.5756	506.326
22.8	66.5776	507.216
22.84	66.5795	508.105
22.88	66.5814	508.995
22.92	66.5833	509.885
22.96	66.5851	510.775
23	66.587	511.665
23.04	66.5888	512.555
23.08	66.5906	513.444
23.12	66.5923	514.334
23.16	66.5941	515.224
23.2	66.5958	516.114
23.24	66.5975	517.004
23.28	66.5992	517.894
23.32	66.6009	518.784
23.36	66.6025	519.673
23.4	66.6042	520.563
23.44	66.6058	521.453
23.48	66.6074	522.343
23.52	66.609	523.233
23.56	66.6105	524.123
23.6	66.612	525.013
23.64	66.6136	525.902
23.68	66.6151	526.792
23.72	66.6166	527.682
23.76	66.618	528.572
23.8	66.6195	529.462
23.84	66.6209	530.352
23.88	66.6223	531.242
23.92	66.6237	532.131
23.96	66.6251	533.021
24	66.6265	533.911
24.04	66.6278	534.801
24.08	66.6292	535.691
24.12	66.6305	536.581
24.16	66.6318	537.47
24.2	66.6331	538.36
24.24	66.6344	539.25
24.28	66.6356	540.14
24.32	66.6369	541.03
24.36	66.6381	541.92
24.4	66.6393	542.81
24.44	66.6405	543.699
24.48	66.6417	544.589
24.52	66.6429	545.479
24.56	66.644	546.369
24.6	66.6452	547.259
24.64	66.6463	548.149
24.68	66.6474	549.039
24.72	66.6486	549.928
24.76	66.6497	550.818
24.8	66.6507	551.708
24.84	66.6518	552.598
24.88	66.6529	553.488
24.92	66.6539	554.378
24.96	66.6549	555.268
25	66.656	556.157
25.04	66.657	557.047
25.08	66.658	557.937
25.12	66.659	558.827
25.16	66.6599	559.717
25.2	66.6609	560.607
25.24	66.6618	561.496
25.28	66.6628	562.386
25.32	66.6637	563.276
25.36	66.6646	564.166
25.4	66.6655	565.056
25.44	66.6664	565.946
25.48	66.6673	566.836
25.52	66.6682	567.725
25.56	66.6691	568.615
25.6	66.6699	569.505
25.64	66.6708	570.395
25.68	66.6716	571.285
25.72	66.6724	572.175
25.76	66.6732	573.065
25.8	66.674	573.954
25.84	66.6748	574.844
25.88	66.6756	575.734
25.92	66.6764	576.624
25.96	66.6772	577.514
26	66.6779	578.404
26.04	66.6787	579.294
26.08	66.6794	580.183
26.12	66.6802	581.073
26.16	66.6809	581.963
26.2	66.6816	582.853
26.24	66.6823	583.743
26.28	66.683	584.633
26.32	66.6837	585.522
26.36	66.6844	586.412
26.4	66.6851	587.302
26.44	66.6858	588.192
26.48	66.6864	589.082
26.52	66.6871	589.972
26.56	66.6877	590.862
26.6	66.6884	591.751
26.64	66.689	592.641
26.68	66.6896	593.531
26.72	66.6902	594.421
26.76	66.6908	595.311
26.8	66.6914	596.201
26.84	66.692	597.091
26.88	66.6926	597.98
26.92	66.6932	598.87
26.96	66.6938	599.76
27	66.6943	600.65
27.04	66.6949	601.54
27.08	66.6955	602.43
27.12	66.696	603.32
27.16	66.6965	604.209
27.2	66.6971	605.099
27.24	66.6976	605.989
27.28	66.6981	606.879
27.32	66.6987	607.769
27.36	66.6992	608.659
27.4	66.6997	609.548
27.44	66.7002	610.438
27.48	66.7007	611.328
27.52	66.7011	612.218
27.56	66.7016	613.108
27.6	66.7021	613.998
27.64	66.7026	614.888
27.68	66.703	615.777
27.72	66.7035	616.667
27.76	66.704	617.557
27.8	66.7044	618.447
27.84	66.7048	619.337
27.88	66.7053	620.227
27.92	66.7057	621.117
27.96	66.7061	622.006
28	66.7066	622.896
28.04	66.707	623.786
28.08	66.7074	624.676
28.12	66.7078	625.566
28.16	66.7082	626.456
28.2	66.7086	627.346
28.24	66.709	628.235
28.28	66.7094	629.125
28.32	66.7098	630.015
28.36	66.7102	630.905
28.4	66.7105	631.795
28.44	66.7109	632.685
28.48	66.7113	633.574
28.52	66.7116	634.464
28.56	66.712	635.354
28.6	66.7124	636.244
28.64	66.7127	637.134
28.68	66.7131	638.024
28.72	66.7134	638.914
28.76	66.7137	639.803
28.8	66.7141	640.693
28.84	66.7144	641.583
28.88	66.7147	642.473
28.92	66.715	643.363
28.96	66.7154	644.253
29	66.7157	645.143
29.04	66.716	646.032
29.08	66.7163	646.922
29.12	66.7166	647.812
29.16	66.7169	648.702
29.2	66.7172	649.592
29.24	66.7175	650.482
29.28	66.7178	651.372
29.32	66.7181	652.261
29.36	66.7184	653.151
29.4	66.7186	654.041
29.44	66.7189	654.931
29.48	66.7192	655.821
29.52	66.7195	656.711
29.56	66.7197	657.6
29.6	66.72	658.49
29.64	66.7203	659.38
29.68	66.7205	660.27
29.72	66.7208	661.16
29.76	66.721	662.05
29.8	66.7213	662.94
29.84	66.7215	663.829
29.88	66.7218	664.719
29.92	66.722	665.609
29.96	66.7222	666.499
30	66.7225	667.389
30.04	66.7227	668.279
30.08	66.7229	669.169
30.12	66.7232	670.058
30.16	66.7234	670.948
30.2	66.7236	671.838
30.24	66.7238	672.728
30.28	66.7241	673.618
30.32	66.7243	674.508
30.36	66.7245	675.398
30.4	66.7247	676.287
30.44	66.7249	677.177
30.48	66.7251	678.067
30.52	66.7253	678.957
30.56	66.7255	679.847
30.6	66.7257	680.737
30.64	66.7259	681.626
30.68	66.7261	682.516
30.72	66.7263	683.406
30.76	66.7265	684.296
30.8	66.7267	685.186
30.84	66.7268	686.076
30.88	66.727	686.966
30.92	66.7272	687.855
30.96	66.7274	688.745
31	66.7276	689.635
31.04	66.7277	690.525
31.08	66.7279	691.415
31.12	66.7281	692.305
31.16	66.7282	693.195
31.2	66.7284	694.084
31.24	66.7286	694.974
31.28	66.7287	695.864
31.32	66.7289	696.754
31.36	66.729	697.644
31.4	66.7292	698.534
31.44	66.7293	699.424
31.48	66.7295	700.313
31.52	66.7297	701.203
31.56	66.7298	702.093
31.6	66.7299	702.983
31.64	66.7301	703.873
31.68	66.7302	704.763
31.72	66.7304	705.652
31.76	66.7305	706.542
31.8	66.7307	707.432
31.84	66.7308	708.322
31.88	66.7309	709.212
31.92	66.7311	710.102
31.96	66.7312	710.992
32	66.7313	711.881
32.04	66.7315	712.771
32.08	66.7316	713.661
32.12	66.7317	714.551
32.16	66.7318	715.441
32.2	66.732	716.331
32.24	66.7321	717.221
32.28	66.7322	718.11
32.32	66.7323	719
32.36	66.7324	719.89
32.4	66.7326	720.78
32.44	66.7327	721.67
32.48	66.7328	722.56
32.52	66.7329	723.45
32.56	66.733	724.339
32.6	66.7331	725.229
32.64	66.7332	726.119
32.68	66.7333	727.009
32.72	66.7334	727.899
32.76	66.7335	728.789
32.8	66.7336	729.678
32.84	66.7337	730.568
32.88	66.7338	731.458
32.92	66.7339	732.348
32.96	66.734	733.238
33	66.7341	734.128
33.04	66.7342	735.018
33.08	66.7343	735.907
33.12	66.7344	736.797
33.16	66.7345	737.687
33.2	66.7346	738.577
33.24	66.7347	739.467
33.28	66.7348	740.357
33.32	66.7349	741.247
33.36	66.735	742.136
33.4	66.7351	743.026
33.44	66.7351	743.916
33.48	66.7352	744.806
33.52	66.7353	745.696
33.56	66.7354	746.586
33.6	66.7355	747.476
33.64	66.7356	748.365
33.68	66.7356	749.255
33.72	66.7357	750.145
33.76	66.7358	751.035
33.8	66.7359	751.925
33.84	66.736	752.815
33.88	66.736	753.704
33.92	66.7361	754.594
33.96	66.7362	755.484
34	66.7362	756.374
34.04	66.7363	757.264
34.08	66.7364	758.154
34.12	66.7365	759.044
34.16	66.7365	759.933
34.2	66.7366	760.823
34.24	66.7367	761.713
34.28	66.7367	762.603
34.32	66.7368	763.493
34.36	66.7369	764.383
34.4	66.7369	765.273
34.44	66.737	766.162
34.48	66.7371	767.052
34.52	66.7371	767.942
34.56	66.7372	768.832
34.6	66.7372	769.722
34.64	66.7373	770.612
34.68	66.7374	771.502
34.72	66.7374	772.391
34.76	66.7375	773.281
34.8	66.7375	774.171
34.84	66.7376	775.061
34.88	66.7376	775.951
34.92	66.7377	776.841
34.96	66.7378	777.73
35	66.7378	778.62
35.04	66.7379	779.51
35.08	66.7379	780.4
35.12	66.738	781.29
35.16	66.738	782.18
35.2	66.7381	783.07
35.24	66.7381	783.959
35.28	66.7382	784.849
35.32	66.7382	785.739
35.36	66.7383	786.629
35.4	66.7383	787.519
35.44	66.7384	788.409
35.48	66.7384	789.299
35.52	66.7385	790.188
35.56	66.7385	791.078
35.6	66.7386	791.968
35.64	66.7386	792.858
35.68	66.7386	793.748
35.72	66.7387	794.638
35.76	66.7387	795.528
35.8	66.7388	796.417
35.84	66.7388	797.307
35.88	66.7389	798.197
35.92	66.7389	799.087
35.96	66.7389	799.977
36	66.739	800.867
36.04	66.739	801.756
36.08	66.7391	802.646
36.12	66.7391	803.536
36.16	66.7391	804.426
36.2	66.7392	805.316
36.24	66.7392	806.206
36.28	66.7392	807.096
36.32	66.7393	807.985
36.36	66.7393	808.875
36.4	66.7394	809.765
36.44	66.7394	810.655
36.48	66.7394	811.545
36.52	66.7395	812.435
36.56	66.7395	813.325
36.6	66.7395	814.214
36.64	66.7396	815.104
36.68	66.7396	815.994
36.72	66.7396	816.884
36.76	66.7397	817.774
36.8	66.7397	818.664
36.84	66.7397	819.554
36.88	66.7398	820.443
36.92	66.7398	821.333
36.96	66.7398	822.223
37	66.7399	823.113
37.04	66.7399	824.003
37.08	66.7399	824.893
37.12	66.7399	825.782
37.16	66.74	826.672
37.2	66.74	827.562
37.24	66.74	828.452
37.28	66.7401	829.342
37.32	66.7401	830.232
37.36	66.7401	831.122
37.4	66.7401	832.011
37.44	66.7402	832.901
37.48	66.7402	833.791
37.52	66.7402	834.681
37.56	66.7402	835.571
37.6	66.7403	836.461
37.64	66.7403	837.351
37.68	66.7403	838.24
37.72	66.7403	839.13
37.76	66.7404	840.02
37.8	66.7404	840.91
37.84	66.7404	841.8
37.88	66.7404	842.69
37.92	66.7405	843.58
37.96	66.7405	844.469
38	66.7405	845.359
38.04	66.7405	846.249
38.08	66.7405	847.139
38.12	66.7406	848.029
38.16	66.7406	848.919
38.2	66.7406	849.808
38.24	66.7406	850.698
38.28	66.7406	851.588
38.32	66.7407	852.478
38.36	66.7407	853.368
38.4	66.7407	854.258
38.44	66.7407	855.148
38.48	66.7407	856.037
38.52	66.7408	856.927
38.56	66.7408	857.817
38.6	66.7408	858.707
38.64	66.7408	859.597
38.68	66.7408	860.487
38.72	66.7409	861.377
38.76	66.7409	862.266
38.8	66.7409	863.156
38.84	66.7409	864.046
38.88	66.7409	864.936
38.92	66.7409	865.826
38.96	66.741	866.716
39	66.741	867.606
39.04	66.741	868.495
39.08	66.741	869.385
39.12	66.741	870.275
39.16	66.741	871.165
39.2	66.7411	872.055
39.24	66.7411	872.945
39.28	66.7411	873.834
39.32	66.7411	874.724
39.36	66.7411	875.614
39.4	66.7411	876.504
39.44	66.7412	877.394
39.48	66.7412	878.284
39.52	66.7412	879.174
39.56	66.7412	880.063
39.6	66.7412	880.953
39.64	66.7412	881.843
39.68	66.7412	882.733
39.72	66.7413	883.623
39.76	66.7413	884.513
39.8	66.7413	885.403
39.84	66.7413	886.292
39.88	66.7413	887.182
39.92	66.7413	888.072
39.96	66.7413	888.962
40	66.7413	889.852
40.04	66.7414	890.742
40.08	66.7414	891.632
40.12	66.7414	892.521
40.16	66.7414	893.411
40.2	66.7414	894.301
40.24	66.7414	895.191
40.28	66.7414	896.081
40.32	66.7414	896.971
40.36	66.7414	897.86
40.4	66.7415	898.75
40.44	66.7415	899.64
40.48	66.7415	900.53
40.52	66.7415	901.42
40.56	66.7415	902.31
40.6	66.7415	903.2
40.64	66.7415	904.089
40.68	66.7415	904.979
40.72	66.7415	905.869
40.76	66.7416	906.759
40.8	66.7416	907.649
40.84	66.7416	908.539
40.88	66.7416	909.429
40.92	66.7416	910.318
40.96	66.7416	911.208
41	66.7416	912.098
41.04	66.7416	912.988
41.08	66.7416	913.878
41.12	66.7416	914.768
41.16	66.7416	915.658
41.2	66.7417	916.547
41.24	66.7417	917.437
41.28	66.7417	918.327
41.32	66.7417	919.217
41.36	66.7417	920.107
41.4	66.7417	920.997
41.44	66.7417	921.886
41.48	66.7417	922.776
41.52	66.7417	923.666
41.56	66.7417	924.556
41.6	66.7417	925.446
41.64	66.7417	926.336
41.68	66.7418	927.226
41.72	66.7418	928.115
41.76	66.7418	929.005
41.8	66.7418	929.895
41.84	66.7418	930.785
41.88	66.7418	931.675
41.92	66.7418	932.565
41.96	66.7418	933.455
42	66.7418	934.344
42.04	66.7418	935.234
42.08	66.7418	936.124
42.12	66.7418	937.014
42.16	66.7418	937.904
42.2	66.7418	938.794
42.24	66.7419	939.684
42.28	66.7419	940.573
42.32	66.7419	941.463
42.36	66.7419	942.353
42.4	66.7419	943.243
42.44	66.7419	944.133
42.48	66.7419	945.023
42.52	66.7419	945.912
42.56	66.7419	946.802
42.6	66.7419	947.692
42.64	66.7419	948.582
42.68	66.7419	949.472
42.72	66.7419	950.362
42.76	66.7419	951.252
42.8	66.7419	952.141
42.84	66.7419	953.031
42.88	66.7419	953.921
42.92	66.742	954.811
42.96	66.742	955.701
43	66.742	956.591
43.04	66.742	957.481
43.08	66.742	958.37
43.12	66.742	959.26
43.16	66.742	960.15
43.2	66.742	961.04
43.24	66.742	961.93
43.28	66.742	962.82
43.32	66.742	963.709
43.36	66.742	964.599
43.4	66.742	965.489
43.44	66.742	966.379
43.48	66.742	967.269
43.52	66.742	968.159
43.56	66.742	969.049
43.6	66.742	969.938
43.64	66.742	970.828
43.68	66.742	971.718
43.72	66.742	972.608
43.76	66.742	973.498
43.8	66.7421	974.388
43.84	66.7421	975.278
43.88	66.7421	976.167
43.92	66.7421	977.057
43.96	66.7421	977.947
44	66.7421	978.837
44.04	66.7421	979.727
44.08	66.7421	980.617
44.12	66.7421	981.507
44.16	66.7421	982.396
44.2	66.7421	983.286
44.24	66.7421	984.176
44.28	66.7421	985.066
44.32	66.7421	985.956
44.36	66.7421	986.846
44.4	66.7421	987.735
44.44	66.7421	988.625
44.48	66.7421	989.515
44.52	66.7421	990.405
44.56	66.7421	991.295
44.6	66.7421	992.185
44.64	66.7421	993.075
44.68	66.7421	993.964
44.72	66.7421	994.854
44.76	66.7421	995.744
44.8	66.7421	996.634
44.84	66.7421	997.524
44.88	66.7421	998.414
44.92	66.7422	999.304
44.96	66.7422	1000.19
45	66.7422	1001.08
45.04	66.7422	1001.97
45.08	66.7422	1002.86
45.12	66.7422	1003.75
45.16	66.7422	1004.64
45.2	66.7422	1005.53
45.24	66.7422	1006.42
45.28	66.7422	1007.31
45.32	66.7422	1008.2
45.36	66.7422	1009.09
45.4	66.7422	1009.98
45.44	66.7422	1010.87
45.48	66.7422	1011.76
45.52	66.7422	1012.65
45.56	66.7422	1013.54
45.6	66.7422	1014.43
45.64	66.7422	1015.32
45.68	66.7422	1016.21
45.72	66.7422	1017.1
45.76	66.7422	1017.99
45.8	66.7422	1018.88
45.84	66.7422	1019.77
45.88	66.7422	1020.66
45.92	66.7422	1021.55
45.96	66.7422	1022.44
46	66.7422	1023.33
46.04	66.7422	1024.22
46.08	66.7422	1025.11
46.12	66.7422	1026
46.16	66.7422	1026.89
46.2	66.7422	1027.78
46.24	66.7422	1028.67
46.28	66.7422	1029.56
46.32	66.7422	1030.45
46.36	66.7422	1031.34
46.4	66.7422	1032.23
46.44	66.7422	1033.12
46.48	66.7422	1034.01
46.52	66.7422	1034.9
46.56	66.7422	1035.79
46.6	66.7422	1036.68
46.64	66.7422	1037.57
46.68	66.7423	1038.46
46.72	66.7423	1039.35
46.76	66.7423	1040.24
46.8	66.7423	1041.13
46.84	66.7423	1042.02
46.88	66.7423	1042.91
46.92	66.7423	1043.8
46.96	66.7423	1044.69
47	66.7423	1045.58
47.04	66.7423	1046.47
47.08	66.7423	1047.36
47.12	66.7423	1048.25
47.16	66.7423	1049.14
47.2	66.7423	1050.03
47.24	66.7423	1050.91
47.28	66.7423	1051.8
47.32	66.7423	1052.69
47.36	66.7423	1053.58
47.4	66.7423	1054.47
47.44	66.7423	1055.36
47.48	66.7423	1056.25
47.52	66.7423	1057.14
47.56	66.7423	1058.03
47.6	66.7423	1058.92
47.64	66.7423	1059.81
47.68	66.7423	1060.7
47.72	66.7423	1061.59
47.76	66.7423	1062.48
47.8	66.7423	1063.37
47.84	66.7423	1064.26
47.88	66.7423	1065.15
47.92	66.7423	1066.04
47.96	66.7423	1066.93
48	66.7423	1067.82
48.04	66.7423	1068.71
48.08	66.7423	1069.6
48.12	66.7423	1070.49
48.16	66.7423	1071.38
48.2	66.7423	1072.27
48.24	66.7423	1073.16
48.28	66.7423	1074.05
48.32	66.7423	1074.94
48.36	66.7423	1075.83
48.4	66.7423	1076.72
48.44	66.7423	1077.61
48.48	66.7423	1078.5
48.52	66.7423	1079.39
48.56	66.7423	1080.28
48.6	66.7423	1081.17
48.64	66.7423	1082.06
48.68	66.7423	1082.95
48.72	66.7423	1083.84
48.76	66.7423	1084.73
48.8	66.7423	1085.62
48.84	66.7423	1086.51
48.88	66.7423	1087.4
48.92	66.7423	1088.29
48.96	66.7423	1089.18
49	66.7423	1090.07
49.04	66.7423	1090.96
49.08	66.7423	1091.85
49.12	66.7423	1092.74
49.16	66.7423	1093.63
49.2	66.7423	1094.52
49.24	66.7423	1095.41
49.28	66.7423	1096.3
49.32	66.7423	1097.19
49.36	66.7423	1098.08
49.4	66.7423	1098.97
49.44	66.7423	1099.86
49.48	66.7423	1100.75
49.52	66.7423	1101.64
49.56	66.7423	1102.53
49.6	66.7423	1103.42
49.64	66.7423	1104.31
49.68	66.7423	1105.2
49.72	66.7423	1106.09
49.76	66.7423	1106.98
49.8	66.7423	1107.87
49.84	66.7423	1108.76
49.88	66.7423	1109.65
49.92	66.7423	1110.54
49.96	66.7423	1111.42
50	66.7423	1112.31
50.04	66.7423	1113.2
50.08	66.7423	1114.09
50.12	66.7423	1114.98
50.16	66.7423	1115.87
50.2	66.7423	1116.76
50.24	66.7423	1117.65
50.28	66.7423	1118.54
50.32	66.7423	1119.43
50.36	66.7423	1120.32
50.4	66.7424	1121.21
50.44	66.7424	1122.1
50.48	66.7424	1122.99
50.52	66.7424	1123.88
50.56	66.7424	1124.77
50.6	66.7424	1125.66
50.64	66.7424	1126.55
50.68	66.7424	1127.44
50.72	66.7424	1128.33
50.76	66.7424	1129.22
50.8	66.7424	1130.11
50.84	66.7424	1131
50.88	66.7424	1131.89
50.92	66.7424	1132.78
50.96	66.7424	1133.67
51	66.7424	1134.56
51.04	66.7424	1135.45
51.08	66.7424	1136.34
51.12	66.7424	1137.23
51.16	66.7424	1138.12
51.2	66.7424	1139.01
51.24	66.7424	1139.9
51.28	66.7424	1140.79
51.32	66.7424	1141.68
51.36	66.7424	1142.57
51.4	66.7424	1143.46
51.44	66.7424	1144.35
51.48	66.7424	1145.24
51.52	66.7424	1146.13
51.56	66.7424	1147.02
51.6	66.7424	1147.91
51.64	66.7424	1148.8
51.68	66.7424	1149.69
51.72	66.7424	1150.58
51.76	66.7424	1151.47
51.8	66.7424	1152.36
51.84	66.7424	1153.25
51.88	66.7424	1154.14
51.92	66.7424	1155.03
51.96	66.7424	1155.92
52	66.7424	1156.81
52.04	66.7424	1157.7
52.08	66.7424	1158.59
52.12	66.7424	1159.48
52.16	66.7424	1160.37
52.2	66.7424	1161.26
52.24	66.7424	1162.15
52.28	66.7424	1163.04
52.32	66.7424	1163.93
52.36	66.7424	1164.82
52.4	66.7424	1165.71
52.44	66.7424	1166.6
52.48	66.7424	1167.49
52.52	66.7424	1168.38
52.56	66.7424	1169.27
52.6	66.7424	1170.16
52.64	66.7424	1171.04
52.68	66.7424	1171.93
52.72	66.7424	1172.82
52.76	66.7424	1173.71
52.8	66.7424	1174.6
52.84	66.7424	1175.49
52.88	66.7424	1176.38
52.92	66.7424	1177.27
52.96	66.7424	1178.16
53	66.7424	1179.05
53.04	66.7424	1179.94
53.08	66.7424	1180.83
53.12	66.7424	1181.72
53.16	66.7424	1182.61
53.2	66.7424	1183.5
53.24	66.7424	1184.39
53.28	66.7424	1185.28
53.32	66.7424	1186.17
53.36	66.7424	1187.06
53.4	66.7424	1187.95
53.44	66.7424	1188.84
53.48	66.7424	1189.73
53.52	66.7424	1190.62
53.56	66.7424	1191.51
53.6	66.7424	1192.4
53.64	66.7424	1193.29
53.68	66.7424	1194.18
53.72	66.7424	1195.07
53.76	66.7424	1195.96
53.8	66.7424	1196.85
53.84	66.7424	1197.74
53.88	66.7424	1198.63
53.92	66.7424	1199.52
53.96	66.7424	1200.41
54	66.7424	1201.3
54.04	66.7424	1202.19
54.08	66.7424	1203.08
54.12	66.7424	1203.97
54.16	66.7424	1204.86
54.2	66.7424	1205.75
54.24	66.7424	1206.64
54.28	66.7424	1207.53
54.32	66.7424	1208.42
54.36	66.7424	1209.31
54.4	66.7424	1210.2
54.44	66.7424	1211.09
54.48	66.7424	1211.98
54.52	66.7424	1212.87
54.56	66.7424	1213.76
54.6	66.7424	1214.65
54.64	66.7424	1215.54
54.68	66.7424	1216.43
54.72	66.7424	1217.32
54.76	66.7424	1218.21
54.8	66.7424	1219.1
54.84	66.7424	1219.99
54.88	66.7424	1220.88
54.92	66.7424	1221.77
54.96	66.7424	1222.66
55	66.7424	1223.55
55.04	66.7424	1224.44
55.08	66.7424	1225.33
55.12	66.7424	1226.22
55.16	66.7424	1227.11
55.2	66.7424	1228
55.24	66.7424	1228.89
55.28	66.7424	1229.78
55.32	66.7424	1230.67
55.36	66.7424	1231.55
55.4	66.7424	1232.44
55.44	66.7424	1233.33
55.48	66.7424	1234.22
55.52	66.7424	1235.11
55.56	66.7424	1236
55.6	66.7424	1236.89
55.64	66.7424	1237.78
55.68	66.7424	1238.67
55.72	66.7424	1239.56
55.76	66.7424	1240.45
55.8	66.7424	1241.34
55.84	66.7424	1242.23
55.88	66.7424	1243.12
55.92	66.7424	1244.01
55.96	66.7424	1244.9
56	66.7424	1245.79
56.04	66.7424	1246.68
56.08	66.7424	1247.57
56.12	66.7424	1248.46
56.16	66.7424	1249.35
56.2	66.7424	1250.24
56.24	66.7424	1251.13
56.28	66.7424	1252.02
56.32	66.7424	1252.91
56.36	66.7424	1253.8
56.4	66.7424	1254.69
56.44	66.7424	1255.58
56.48	66.7424	1256.47
56.52	66.7424	1257.36
56.56	66.7424	1258.25
56.6	66.7424	1259.14
56.64	66.7424	1260.03
56.68	66.7424	1260.92
56.72	66.7424	1261.81
56.76	66.7424	1262.7
56.8	66.7424	1263.59
56.84	66.7424	1264.48
56.88	66.7424	1265.37
56.92	66.7424	1266.26
56.96	66.7424	1267.15
57	66.7424	1268.04
57.04	66.7424	1268.93
57.08	66.7424	1269.82
57.12	66.7424	1270.71
57.16	66.7424	1271.6
57.2	66.7424	1272.49
57.24	66.7424	1273.38
57.28	66.7424	1274.27
57.32	66.7424	1275.16
57.36	66.7424	1276.05
57.4	66.7424	1276.94
57.44	66.7424	1277.83
57.48	66.7424	1278.72
57.52	66.7424	1279.61
57.56	66.7424	1280.5
57.6	66.7424	1281.39
57.64	66.7424	1282.28
57.68	66.7424	1283.17
57.72	66.7424	1284.06
57.76	66.7424	1284.95
57.8	66.7424	1285.84
57.84	66.7424	1286.73
57.88	66.7424	1287.62
57.92	66.7424	1288.51
57.96	66.7424	1289.4
58	66.7424	1290.29
58.04	66.7424	1291.17
58.08	66.7424	1292.06
58.12	66.7424	1292.95
58.16	66.7424	1293.84
58.2	66.7424	1294.73
58.24	66.7424	1295.62
58.28	66.7424	1296.51
58.32	66.7424	1297.4
58.36	66.7424	1298.29
58.4	66.7424	1299.18
58.44	66.7424	1300.07
58.48	66.7424	1300.96
58.52	66.7424	1301.85
58.56	66.7424	1302.74
58.6	66.7424	1303.63
58.64	66.7424	1304.52
58.68	66.7424	1305.41
58.72	66.7424	1306.3
58.76	66.7424	1307.19
58.8	66.7424	1308.08
58.84	66.7424	1308.97
58.88	66.7424	1309.86
58.92	66.7424	1310.75
58.96	66.7424	1311.64
59	66.7424	1312.53
59.04	66.7424	1313.42
59.08	66.7424	1314.31
59.12	66.7424	1315.2
59.16	66.7424	1316.09
59.2	66.7424	1316.98
59.24	66.7424	1317.87
59.28	66.7424	1318.76
59.32	66.7424	1319.65
59.36	66.7424	1320.54
59.4	66.7424	1321.43
59.44	66.7424	1322.32
59.48	66.7424	1323.21
59.52	66.7424	1324.1
59.56	66.7424	1324.99
59.6	66.7424	1325.88
59.64	66.7424	1326.77
59.68	66.7424	1327.66
59.72	66.7424	1328.55
59.76	66.7424	1329.44
59.8	66.7424	1330.33
59.84	66.7424	1331.22
59.88	66.7424	1332.11
59.92	66.7424	1333
59.96	66.7424	1333.89
60	66.7424	1334.78
60.04	66.7424	1335.67
60.08	66.7424	1336.56
60.12	66.7424	1337.45
60.16	66.7424	1338.34
60.2	66.7424	1339.23
60.24	66.7424	1340.12
60.28	66.7424	1341.01
60.32	66.7424	1341.9
60.36	66.7424	1342.79
60.4	66.7424	1343.68
60.44	66.7424	1344.57
60.48	66.7424	1345.46
60.52	66.7424	1346.35
60.56	66.7424	1347.24
60.6	66.7424	1348.13
60.64	66.7424	1349.02
60.68	66.7424	1349.91
60.72	66.7424	1350.8
60.76	66.7424	1351.68
60.8	66.7424	1352.57
60.84	66.7424	1353.46
60.88	66.7424	1354.35
60.92	66.7424	1355.24
60.96	66.7424	1356.13
61	66.7424	1357.02
61.04	66.7424	1357.91
61.08	66.7424	1358.8
61.12	66.7424	1359.69
61.16	66.7424	1360.58
61.2	66.7424	1361.47
61.24	66.7424	1362.36
61.28	66.7424	1363.25
61.32	66.7424	1364.14
61.36	66.7424	1365.03
61.4	66.7424	1365.92
61.44	66.7424	1366.81
61.48	66.7424	1367.7
61.52	66.7424	1368.59
61.56	66.7424	1369.48
61.6	66.7424	1370.37
61.64	66.7424	1371.26
61.68	66.7424	1372.15
61.72	66.7424	1373.04
61.76	66.7424	1373.93
61.8	66.7424	1374.82
61.84	66.7424	1375.71
61.88	66.7424	1376.6
61.92	66.7424	1377.49
61.96	66.7424	1378.38
62	66.7424	1379.27
62.04	66.7424	1380.16
62.08	66.7424	1381.05
62.12	66.7424	1381.94
62.16	66.7424	1382.83
62.2	66.7424	1383.72
62.24	66.7424	1384.61
62.28	66.7424	1385.5
62.32	66.7424	1386.39
62.36	66.7424	1387.28
62.4	66.7424	1388.17
62.44	66.7424	1389.06
62.48	66.7424	1389.95
62.52	66.7424	1390.84
62.56	66.7424	1391.73
62.6	66.7424	1392.62
62.64	66.7424	1393.51
62.68	66.7424	1394.4
62.72	66.7424	1395.29
62.76	66.7424	1396.18
62.8	66.7424	1397.07
62.84	66.7424	1397.96
62.88	66.7424	1398.85
62.92	66.7424	1399.74
62.96	66.7424	1400.63
63	66.7424	1401.52
63.04	66.7424	1402.41
63.08	66.7424	1403.3
63.12	66.7424	1404.19
63.16	66.7424	1405.08
63.2	66.7424	1405.97
63.24	66.7424	1406.86
63.28	66.7424	1407.75
63.32	66.7424	1408.64
63.36	66.7424	1409.53
63.4	66.7424	1410.42
63.44	66.7424	1411.3
63.48	66.7424	1412.19
63.52	66.7424	1413.08
63.56	66.7424	1413.97
63.6	66.7424	1414.86
63.64	66.7424	1415.75
63.68	66.7424	1416.64
63.72	66.7424	1417.53
63.76	66.7424	1418.42
63.8	66.7424	1419.31
63.84	66.7424	1420.2
63.88	66.7424	1421.09
63.92	66.7424	1421.98
63.96	66.7424	1422.87
64	66.7424	1423.76
64.04	66.7424	1424.65
64.08	66.7424	1425.54
64.12	66.7424	1426.43
64.16	66.7424	1427.32
64.2	66.7424	1428.21
64.24	66.7424	1429.1
64.28	66.7424	1429.99
64.32	66.7424	1430.88
64.36	66.7424	1431.77
64.4	66.7424	1432.66
64.44	66.7424	1433.55
64.48	66.7424	1434.44
64.52	66.7424	1435.33
64.56	66.7424	1436.22
64.6	66.7424	1437.11
64.64	66.7424	1438
64.68	66.7424	1438.89
64.72	66.7424	1439.78
64.76	66.7424	1440.67
64.8	66.7424	1441.56
64.84	66.7424	1442.45
64.88	66.7424	1443.34
64.92	66.7424	1444.23
64.96	66.7424	1445.12
65	66.7424	1446.01
65.04	66.7424	1446.9
65.08	66.7424	1447.79
65.12	66.7424	1448.68
65.16	66.7424	1449.57
65.2	66.7424	1450.46
65.24	66.7424	1451.35
65.28	66.7424	1452.24
65.32	66.7424	1453.13
65.36	66.7424	1454.02
65.4	66.7424	1454.91
65.44	66.7424	1455.8
65.48	66.7424	1456.69
65.52	66.7424	1457.58
65.56	66.7424	1458.47
65.6	66.7424	1459.36
65.64	66.7424	1460.25
65.68	66.7424	1461.14
65.72	66.7424	1462.03
65.76	66.7424	1462.92
65.8	66.7424	1463.81
65.84	66.7424	1464.7
65.88	66.7424	1465.59
65.92	66.7424	1466.48
65.96	66.7424	1467.37
66	66.7424	1468.26
66.04	66.7424	1469.15
66.08	66.7424	1470.04
66.12	66.7424	1470.93
66.16	66.7424	1471.81
66.2	66.7424	1472.7
66.24	66.7424	1473.59
66.28	66.7424	1474.48
66.32	66.7424	1475.37
66.36	66.7424	1476.26
66.4	66.7424	1477.15
66.44	66.7424	1478.04
66.48	66.7424	1478.93
66.52	66.7424	1479.82
66.56	66.7424	1480.71
66.6	66.7424	1481.6
66.64	66.7424	1482.49
66.68	66.7424	1483.38
66.72	66.7424	1484.27
66.76	66.7424	1485.16
66.8	66.7424	1486.05
66.84	66.7424	1486.94
66.88	66.7424	1487.83
66.92	66.7424	1488.72
66.96	66.7424	1489.61
67	66.7424	1490.5
67.04	66.7424	1491.39
67.08	66.7424	1492.28
67.12	66.7424	1493.17
67.16	66.7424	1494.06
67.2	66.7424	1494.95
67.24	66.7424	1495.84
67.28	66.7424	1496.73
67.32	66.7424	1497.62
67.36	66.7424	1498.51
67.4	66.7424	1499.4
67.44	66.7424	1500.29
67.48	66.7424	1501.18
67.52	66.7424	1502.07
67.56	66.7424	1502.96
67.6	66.7424	1503.85
67.64	66.7424	1504.74
67.68	66.7424	1505.63
67.72	66.7424	1506.52
67.76	66.7424	1507.41
67.8	66.7424	1508.3
67.84	66.7424	1509.19
67.88	66.7424	1510.08
67.92	66.7424	1510.97
67.96	66.7424	1511.86
68	66.7424	1512.75
68.04	66.7424	1513.64
68.08	66.7424	1514.53
68.12	66.7424	1515.42
68.16	66.7424	1516.31
68.2	66.7424	1517.2
68.24	66.7424	1518.09
68.28	66.7424	1518.98
68.32	66.7424	1519.87
68.36	66.7424	1520.76
68.4	66.7424	1521.65
68.44	66.7424	1522.54
68.48	66.7424	1523.43
68.52	66.7424	1524.32
68.56	66.7424	1525.21
68.6	66.7424	1526.1
68.64	66.7424	1526.99
68.68	66.7424	1527.88
68.72	66.7424	1528.77
68.76	66.7424	1529.66
68.8	66.7424	1530.55
68.84	66.7424	1531.43
68.88	66.7424	1532.32
68.92	66.7424	1533.21
68.96	66.7424	1534.1
69	66.7424	1534.99
69.04	66.7424	1535.88
69.08	66.7424	1536.77
69.12	66.7424	1537.66
69.16	66.7424	1538.55
69.2	66.7424	1539.44
69.24	66.7424	1540.33
69.28	66.7424	1541.22
69.32	66.7424	1542.11
69.36	66.7424	1543
69.4	66.7424	1543.89
69.44	66.7424	1544.78
69.48	66.7424	1545.67
69.52	66.7424	1546.56
69.56	66.7424	1547.45
69.6	66.7424	1548.34
69.64	66.7424	1549.23
69.68	66.7424	1550.12
69.72	66.7424	1551.01
69.76	66.7424	1551.9
69.8	66.7424	1552.79
69.84	66.7424	1553.68
69.88	66.7424	1554.57
69.92	66.7424	1555.46
69.96	66.7424	1556.35
70	66.7424	1557.24
70.04	66.7424	1558.13
70.08	66.7424	1559.02
70.12	66.7424	1559.91
70.16	66.7424	1560.8
70.2	66.7424	1561.69
70.24	66.7424	1562.58
70.28	66.7424	1563.47
70.32	66.7424	1564.36
70.36	66.7424	1565.25
70.4	66.7424	1566.14
70.44	66.7424	1567.03
70.48	66.7424	1567.92
70.52	66.7424	1568.81
70.56	66.7424	1569.7
70.6	66.7424	1570.59
70.64	66.7424	1571.48
70.68	66.7424	1572.37
70.72	66.7424	1573.26
70.76	66.7424	1574.15
70.8	66.7424	1575.04
70.84	66.7424	1575.93
70.88	66.7424	1576.82
70.92	66.7424	1577.71
70.96	66.7424	1578.6
71	66.7424	1579.49
71.04	66.7424	1580.38
71.08	66.7424	1581.27
71.12	66.7424	1582.16
71.16	66.7424	1583.05
71.2	66.7424	1583.94
71.24	66.7424	1584.83
71.28	66.7424	1585.72
71.32	66.7424	1586.61
71.36	66.7424	1587.5
71.4	66.7424	1588.39
71.44	66.7424	1589.28
71.48	66.7424	1590.17
71.52	66.7424	1591.06
71.56	66.7424	1591.94
71.6	66.7424	1592.83
71.64	66.7424	1593.72
71.68	66.7424	1594.61
71.72	66.7424	1595.5
71.76	66.7424	1596.39
71.8	66.7424	1597.28
71.84	66.7424	1598.17
71.88	66.7424	1599.06
71.92	66.7424	1599.95
71.96	66.7424	1600.84
72	66.7424	1601.73
72.04	66.7424	1602.62
72.08	66.7424	1603.51
72.12	66.7424	1604.4
72.16	66.7424	1605.29
72.2	66.7424	1606.18
72.24	66.7424	1607.07
72.28	66.7424	1607.96
72.32	66.7424	1608.85
72.36	66.7424	1609.74
72.4	66.7424	1610.63
72.44	66.7424	1611.52
72.48	66.7424	1612.41
72.52	66.7424	1613.3
72.56	66.7424	1614.19
72.6	66.7424	1615.08
72.64	66.7424	1615.97
72.68	66.7424	1616.86
72.72	66.7424	1617.75
72.76	66.7424	1618.64
72.8	66.7424	1619.53
72.84	66.7424	1620.42
72.88	66.7424	1621.31
72.92	66.7424	1622.2
72.96	66.7424	1623.09
73	66.7424	1623.98
73.04	66.7424	1624.87
73.08	66.7424	1625.76
73.12	66.7424	1626.65
73.16	66.7424	1627.54
73.2	66.7424	1628.43
73.24	66.7424	1629.32
73.28	66.7424	1630.21
73.32	66.7424	1631.1
73.36	66.7424	1631.99
73.4	66.7424	1632.88
73.44	66.7424	1633.77
73.48	66.7424	1634.66
73.52	66.7424	1635.55
73.56	66.7424	1636.44
73.6	66.7424	1637.33
73.64	66.7424	1638.22
73.68	66.7424	1639.11
73.72	66.7424	1640
73.76	66.7424	1640.89
73.8	66.7424	1641.78
73.84	66.7424	1642.67
73.88	66.7424	1643.56
73.92	66.7424	1644.45
73.96	66.7424	1645.34
74	66.7424	1646.23
74.04	66.7424	1647.12
74.08	66.7424	1648.01
74.12	66.7424	1648.9
74.16	66.7424	1649.79
74.2	66.7424	1650.68
74.24	66.7424	1651.56
74.28	66.7424	1652.45
74.32	66.7424	1653.34
74.36	66.7424	1654.23
74.4	66.7424	1655.12
74.44	66.7424	1656.01
74.48	66.7424	1656.9
74.52	66.7424	1657.79
74.56	66.7424	1658.68
74.6	66.7424	1659.57
74.64	66.7424	1660.46
74.68	66.7424	1661.35
74.72	66.7424	1662.24
74.76	66.7424	1663.13
74.8	66.7424	1664.02
74.84	66.7424	1664.91
74.88	66.7424	1665.8
74.92	66.7424	1666.69
74.96	66.7424	1667.58
75	66.7424	1668.47
75.04	66.7424	1669.36
75.08	66.7424	1670.25
75.12	66.7424	1671.14
75.16	66.7424	1672.03
75.2	66.7424	1672.92
75.24	66.7424	1673.81
75.28	66.7424	1674.7
75.32	66.7424	1675.59
75.36	66.7424	1676.48
75.4	66.7424	1677.37
75.44	66.7424	1678.26
75.48	66.7424	1679.15
75.52	66.7424	1680.04
75.56	66.7424	1680.93
75.6	66.7424	1681.82
75.64	66.7424	1682.71
75.68	66.7424	1683.6
75.72	66.7424	1684.49
75.76	66.7424	1685.38
75.8	66.7424	1686.27
75.84	66.7424	1687.16
75.88	66.7424	1688.05
75.92	66.7424	1688.94
75.96	66.7424	1689.83
76	66.7424	1690.72
76.04	66.7424	1691.61
76.08	66.7424	1692.5
76.12	66.7424	1693.39
76.16	66.7424	1694.28
76.2	66.7424	1695.17
76.24	66.7424	1696.06
76.28	66.7424	1696.95
76.32	66.7424	1697.84
76.36	66.7424	1698.73
76.4	66.7424	1699.62
76.44	66.7424	1700.51
76.48	66.7424	1701.4
76.52	66.7424	1702.29
76.56	66.7424	1703.18
76.6	66.7424	1704.07
76.64	66.7424	1704.96
76.68	66.7424	1705.85
76.72	66.7424	1706.74
76.76	66.7424	1707.63
76.8	66.7424	1708.52
76.84	66.7424	1709.41
76.88	66.7424	1710.3
76.92	66.7424	1711.19
76.96	66.7424	1712.07
77	66.7424	1712.96
77.04	66.7424	1713.85
77.08	66.7424	1714.74
77.12	66.7424	1715.63
77.16	66.7424	1716.52
77.2	66.7424	1717.41
77.24	66.7424	1718.3
77.28	66.7424	1719.19
77.32	66.7424	1720.08
77.36	66.7424	1720.97
77.4	66.7424	1721.86
77.44	66.7424	1722.75
77.48	66.7424	1723.64
77.52	66.7424	1724.53
77.56	66.7424	1725.42
77.6	66.7424	1726.31
77.64	66.7424	1727.2
77.68	66.7424	1728.09
77.72	66.7424	1728.98
77.76	66.7424	1729.87
77.8	66.7424	1730.76
77.84	66.7424	1731.65
77.88	66.7424	1732.54
77.92	66.7424	1733.43
77.96	66.7424	1734.32
78	66.7424	1735.21
78.04	66.7424	1736.1
78.08	66.7424	1736.99
78.12	66.7424	1737.88
78.16	66.7424	1738.77
78.2	66.7424	1739.66
78.24	66.7424	1740.55
78.28	66.7424	1741.44
78.32	66.7424	1742.33
78.36	66.7424	1743.22
78.4	66.7424	1744.11
78.44	66.7424	1745
78.48	66.7424	1745.89
78.52	66.7424	1746.78
78.56	66.7424	1747.67
78.6	66.7424	1748.56
78.64	66.7424	1749.45
78.68	66.7424	1750.34
78.72	66.7424	1751.23
78.76	66.7424	1752.12
78.8	66.7424	1753.01
78.84	66.7424	1753.9
78.88	66.7424	1754.79
78.92	66.7424	1755.68
78.96	66.7424	1756.57
79	66.7424	1757.46
79.04	66.7424	1758.35
79.08	66.7424	1759.24
79.12	66.7424	1760.13
79.16	66.7424	1761.02
79.2	66.7424	1761.91
79.24	66.7424	1762.8
79.28	66.7424	1763.69
79.32	66.7424	1764.58
79.36	66.7424	1765.47
79.4	66.7424	1766.36
79.44	66.7424	1767.25
79.48	66.7424	1768.14
79.52	66.7424	1769.03
79.56	66.7424	1769.92
79.6	66.7424	1770.81
79.64	66.7424	1771.69
79.68	66.7424	1772.58
79.72	66.7424	1773.47
79.76	66.7424	1774.36
79.8	66.7424	1775.25
79.84	66.7424	1776.14
79.88	66.7424	1777.03
79.92	66.7424	1777.92
79.96	66.7424	1778.81
80	66.7424	1779.7
80.04	66.7424	1780.59
80.08	66.7424	1781.48
80.12	66.7424	1782.37
80.16	66.7424	1783.26
80.2	66.7424	1784.15
80.24	66.7424	1785.04
80.28	66.7424	1785.93
80.32	66.7424	1786.82
80.36	66.7424	1787.71
80.4	66.7424	1788.6
80.44	66.7424	1789.49
80.48	66.7424	1790.38
80.52	66.7424	1791.27
80.56	66.7424	1792.16
80.6	66.7424	1793.05
80.64	66.7424	1793.94
80.68	66.7424	1794.83
80.72	66.7424	1795.72
80.76	66.7424	1796.61
80.8	66.7424	1797.5
80.84	66.7424	1798.39
80.88	66.7424	1799.28
80.92	66.7424	1800.17
80.96	66.7424	1801.06
81	66.7424	1801.95
81.04	66.7424	1802.84
81.08	66.7424	1803.73
81.12	66.7424	1804.62
81.16	66.7424	1805.51
81.2	66.7424	1806.4
81.24	66.7424	1807.29
81.28	66.7424	1808.18
81.32	66.7424	1809.07
81.36	66.7424	1809.96
81.4	66.7424	1810.85
81.44	66.7424	1811.74
81.48	66.7424	1812.63
81.52	66.7424	1813.52
81.56	66.7424	1814.41
81.6	66.7424	1815.3
81.64	66.7424	1816.19
81.68	66.7424	1817.08
81.72	66.7424	1817.97
81.76	66.7424	1818.86
81.8	66.7424	1819.75
81.84	66.7424	1820.64
81.88	66.7424	1821.53
81.92	66.7424	1822.42
81.96	66.7424	1823.31
82	66.7424	1824.2
82.04	66.7424	1825.09
82.08	66.7424	1825.98
82.12	66.7424	1826.87
82.16	66.7424	1827.76
82.2	66.7424	1828.65
82.24	66.7424	1829.54
82.28	66.7424	1830.43
82.32	66.7424	1831.32
82.36	66.7424	1832.2
82.4	66.7424	1833.09
82.44	66.7424	1833.98
82.48	66.7424	1834.87
82.52	66.7424	1835.76
82.56	66.7424	1836.65
82.6	66.7424	1837.54
82.64	66.7424	1838.43
82.68	66.7424	1839.32
82.72	66.7424	1840.21
82.76	66.7424	1841.1
82.8	66.7424	1841.99
82.84	66.7424	1842.88
82.88	66.7424	1843.77
82.92	66.7424	1844.66
82.96	66.7424	1845.55
83	66.7424	1846.44
83.04	66.7424	1847.33
83.08	66.7424	1848.22
83.12	66.7424	1849.11
83.16	66.7424	1850
83.2	66.7424	1850.89
83.24	66.7424	1851.78
83.28	66.7424	1852.67
83.32	66.7424	1853.56
83.36	66.7424	1854.45
83.4	66.7424	1855.34
83.44	66.7424	1856.23
83.48	66.7424	1857.12
83.52	66.7424	1858.01
83.56	66.7424	1858.9
83.6	66.7424	1859.79
83.64	66.7424	1860.68
83.68	66.7424	1861.57
83.72	66.7424	1862.46
83.76	66.7424	1863.35
83.8	66.7424	1864.24
83.84	66.7424	1865.13
83.88	66.7424	1866.02
83.92	66.7424	1866.91
83.96	66.7424	1867.8
84	66.7424	1868.69
84.04	66.7424	1869.58
84.08	66.7424	1870.47
84.12	66.7424	1871.36
84.16	66.7424	1872.25
84.2	66.7424	1873.14
84.24	66.7424	1874.03
84.28	66.7424	1874.92
84.32	66.7424	1875.81
84.36	66.7424	1876.7
84.4	66.7424	1877.59
84.44	66.7424	1878.48
84.48	66.7424	1879.37
84.52	66.7424	1880.26
84.56	66.7424	1881.15
84.6	66.7424	1882.04
84.64	66.7424	1882.93
84.68	66.7424	1883.82
84.72	66.7424	1884.71
84.76	66.7424	1885.6
84.8	66.7424	1886.49
84.84	66.7424	1887.38
84.88	66.7424	1888.27
84.92	66.7424	1889.16
84.96	66.7424	1890.05
85	66.7424	1890.94
85.04	66.7424	1891.82
85.08	66.7424	1892.71
85.12	66.7424	1893.6
85.16	66.7424	1894.49
85.2	66.7424	1895.38
85.24	66.7424	1896.27
85.28	66.7424	1897.16
85.32	66.7424	1898.05
85.36	66.7424	1898.94
85.4	66.7424	1899.83
85.44	66.7424	1900.72
85.48	66.7424	1901.61
85.52	66.7424	1902.5
85.56	66.7424	1903.39
85.6	66.7424	1904.28
85.64	66.7424	1905.17
85.68	66.7424	1906.06
85.72	66.7424	1906.95
85.76	66.7424	1907.84
85.8	66.7424	1908.73
85.84	66.7424	1909.62
85.88	66.7424	1910.51
85.92	66.7424	1911.4
85.96	66.7424	1912.29
86	66.7424	1913.18
86.04	66.7424	1914.07
86.08	66.7424	1914.96
86.12	66.7424	1915.85
86.16	66.7424	1916.74
86.2	66.7424	1917.63
86.24	66.7424	1918.52
86.28	66.7424	1919.41
86.32	66.7424	1920.3
86.36	66.7424	1921.19
86.4	66.7424	1922.08
86.44	66.7424	1922.97
86.48	66.7424	1923.86
86.52	66.7424	1924.75
86.56	66.7424	1925.64
86.6	66.7424	1926.53
86.64	66.7424	1927.42
86.68	66.7424	1928.31
86.72	66.7424	1929.2
86.76	66.7424	1930.09
86.8	66.7424	1930.98
86.84	66.7424	1931.87
86.88	66.7424	1932.76
86.92	66.7424	1933.65
86.96	66.7424	1934.54
87	66.7424	1935.43
87.04	66.7424	1936.32
87.08	66.7424	1937.21
87.12	66.7424	1938.1
87.16	66.7424	1938.99
87.2	66.7424	1939.88
87.24	66.7424	1940.77
87.28	66.7424	1941.66
87.32	66.7424	1942.55
87.36	66.7424	1943.44
87.4	66.7424	1944.33
87.44	66.7424	1945.22
87.48	66.7424	1946.11
87.52	66.7424	1947
87.56	66.7424	1947.89
87.6	66.7424	1948.78
87.64	66.7424	1949.67
87.68	66.7424	1950.56
87.72	66.7424	1951.44
87.76	66.7424	1952.33
87.8	66.7424	1953.22
87.84	66.7424	1954.11
87.88	66.7424	1955
87.92	66.7424	1955.89
87.96	66.7424	1956.78
88	66.7424	1957.67
88.04	66.7424	1958.56
88.08	66.7424	1959.45
88.12	66.7424	1960.34
88.16	66.7424	1961.23
88.2	66.7424	1962.12
88.24	66.7424	1963.01
88.28	66.7424	1963.9
88.32	66.7424	1964.79
88.36	66.7424	1965.68
88.4	66.7424	1966.57
88.44	66.7424	1967.46
88.48	66.7424	1968.35
88.52	66.7424	1969.24
88.56	66.7424	1970.13
88.6	66.7424	1971.02
88.64	66.7424	1971.91
88.68	66.7424	1972.8
88.72	66.7424	1973.69
88.76	66.7424	1974.58
88.8	66.7424	1975.47
88.84	66.7424	1976.36
88.88	66.7424	1977.25
88.92	66.7424	1978.14
88.96	66.7424	1979.03
89	66.7424	1979.92
89.04	66.7424	1980.81
89.08	66.7424	1981.7
89.12	66.7424	1982.59
89.16	66.7424	1983.48
89.2	66.7424	1984.37
89.24	66.7424	1985.26
89.28	66.7424	1986.15
89.32	66.7424	1987.04
89.36	66.7424	1987.93
89.4	66.7424	1988.82
89.44	66.7424	1989.71
89.48	66.7424	1990.6
89.52	66.7424	1991.49
89.56	66.7424	1992.38
89.6	66.7424	1993.27
89.64	66.7424	1994.16
89.68	66.7424	1995.05
89.72	66.7424	1995.94
89.76	66.7424	1996.83
89.8	66.7424	1997.72
89.84	66.7424	1998.61
89.88	66.7424	1999.5
89.92	66.7424	2000.39
89.96	66.7424	2001.28
90	66.7424	2002.17
90.04	66.7424	2003.06
90.08	66.7424	2003.95
90.12	66.7424	2004.84
90.16	66.7424	2005.73
90.2	66.7424	2006.62
90.24	66.7424	2007.51
90.28	66.7424	2008.4
90.32	66.7424	2009.29
90.36	66.7424	2010.18
90.4	66.7424	2011.07
90.44	66.7424	2011.95
90.48	66.7424	2012.84
90.52	66.7424	2013.73
90.56	66.7424	2014.62
90.6	66.7424	2015.51
90.64	66.7424	2016.4
90.68	66.7424	2017.29
90.72	66.7424	2018.18
90.76	66.7424	2019.07
90.8	66.7424	2019.96
90.84	66.7424	2020.85
90.88	66.7424	2021.74
90.92	66.7424	2022.63
90.96	66.7424	2023.52
91	66.7424	2024.41
91.04	66.7424	2025.3
91.08	66.7424	2026.19
91.12	66.7424	2027.08
91.16	66.7424	2027.97
91.2	66.7424	2028.86
91.24	66.7424	2029.75
91.28	66.7424	2030.64
91.32	66.7424	2031.53
91.36	66.7424	2032.42
91.4	66.7424	2033.31
91.44	66.7424	2034.2
91.48	66.7424	2035.09
91.52	66.7424	2035.98
91.56	66.7424	2036.87
91.6	66.7424	2037.76
91.64	66.7424	2038.65
91.68	66.7424	2039.54
91.72	66.7424	2040.43
91.76	66.7424	2041.32
91.8	66.7424	2042.21
91.84	66.7424	2043.1
91.88	66.7424	2043.99
91.92	66.7424	2044.88
91.96	66.7424	2045.77
92	66.7424	2046.66
92.04	66.7424	2047.55
92.08	66.7424	2048.44
92.12	66.7424	2049.33
92.16	66.7424	2050.22
92.2	66.7424	2051.11
92.24	66.7424	2052
92.28	66.7424	2052.89
92.32	66.7424	2053.78
92.36	66.7424	2054.67
92.4	66.7424	2055.56
92.44	66.7424	2056.45
92.48	66.7424	2057.34
92.52	66.7424	2058.23
92.56	66.7424	2059.12
92.6	66.7424	2060.01
92.64	66.7424	2060.9
92.68	66.7424	2061.79
92.72	66.7424	2062.68
92.76	66.7424	2063.57
92.8	66.7424	2064.46
92.84	66.7424	2065.35
92.88	66.7424	2066.24
92.92	66.7424	2067.13
92.96	66.7424	2068.02
93	66.7424	2068.91
93.04	66.7424	2069.8
93.08	66.7424	2070.69
93.12	66.7424	2071.57
93.16	66.7424	2072.46
93.2	66.7424	2073.35
93.24	66.7424	2074.24
93.28	66.7424	2075.13
93.32	66.7424	2076.02
93.36	66.7424	2076.91
93.4	66.7424	2077.8
93.44	66.7424	2078.69
93.48	66.7424	2079.58
93.52	66.7424	2080.47
93.56	66.7424	2081.36
93.6	66.7424	2082.25
93.64	66.7424	2083.14
93.68	66.7424	2084.03
93.72	66.7424	2084.92
93.76	66.7424	2085.81
93.8	66.7424	2086.7
93.84	66.7424	2087.59
93.88	66.7424	2088.48
93.92	66.7424	2089.37
93.96	66.7424	2090.26
94	66.7424	2091.15
94.04	66.7424	2092.04
94.08	66.7424	2092.93
94.12	66.7424	2093.82
94.16	66.7424	2094.71
94.2	66.7424	2095.6
94.24	66.7424	2096.49
94.28	66.7424	2097.38
94.32	66.7424	2098.27
94.36	66.7424	2099.16
94.4	66.7424	2100.05
94.44	66.7424	2100.94
94.48	66.7424	2101.83
94.52	66.7424	2102.72
94.56	66.7424	2103.61
94.6	66.7424	2104.5
94.64	66.7424	2105.39
94.68	66.7424	2106.28
94.72	66.7424	2107.17
94.76	66.7424	2108.06
94.8	66.7424	2108.95
94.84	66.7424	2109.84
94.88	66.7424	2110.73
94.92	66.7424	2111.62
94.96	66.7424	2112.51
95	66.7424	2113.4
95.04	66.7424	2114.29
95.08	66.7424	2115.18
95.12	66.7424	2116.07
95.16	66.7424	2116.96
95.2	66.7424	2117.85
95.24	66.7424	2118.74
95.28	66.7424	2119.63
95.32	66.7424	2120.52
95.36	66.7424	2121.41
95.4	66.7424	2122.3
95.44	66.7424	2123.19
95.48	66.7424	2124.08
95.52	66.7424	2124.97
95.56	66.7424	2125.86
95.6	66.7424	2126.75
95.64	66.7424	2127.64
95.68	66.7424	2128.53
95.72	66.7424	2129.42
95.76	66.7424	2130.31
95.8	66.7424	2131.2
95.84	66.7424	2132.08
95.88	66.7424	2132.97
95.92	66.7424	2133.86
95.96	66.7424	2134.75
96	66.7424	2135.64
96.04	66.7424	2136.53
96.08	66.7424	2137.42
96.12	66.7424	2138.31
96.16	66.7424	2139.2
96.2	66.7424	2140.09
96.24	66.7424	2140.98
96.28	66.7424	2141.87
96.32	66.7424	2142.76
96.36	66.7424	2143.65
96.4	66.7424	2144.54
96.44	66.7424	2145.43
96.48	66.7424	2146.32
96.52	66.7424	2147.21
96.56	66.7424	2148.1
96.6	66.7424	2148.99
96.64	66.7424	2149.88
96.68	66.7424	2150.77
96.72	66.7424	2151.66
96.76	66.7424	2152.55
96.8	66.7424	2153.44
96.84	66.7424	2154.33
96.88	66.7424	2155.22
96.92	66.7424	2156.11
96.96	66.7424	2157
97	66.7424	2157.89
97.04	66.7424	2158.78
97.08	66.7424	2159.67
97.12	66.7424	2160.56
97.16	66.7424	2161.45
97.2	66.7424	2162.34
97.24	66.7424	2163.23
97.28	66.7424	2164.12
97.32	66.7424	2165.01
97.36	66.7424	2165.9
97.4	66.7424	2166.79
97.44	66.7424	2167.68
97.48	66.7424	2168.57
97.52	66.7424	2169.46
97.56	66.7424	2170.35
97.6	66.7424	2171.24
97.64	66.7424	2172.13
97.68	66.7424	2173.02
97.72	66.7424	2173.91
97.76	66.7424	2174.8
97.8	66.7424	2175.69
97.84	66.7424	2176.58
97.88	66.7424	2177.47
97.92	66.7424	2178.36
97.96	66.7424	2179.25
98	66.7424	2180.14
98.04	66.7424	2181.03
98.08	66.7424	2181.92
98.12	66.7424	2182.81
98.16	66.7424	2183.7
98.2	66.7424	2184.59
98.24	66.7424	2185.48
98.28	66.7424	2186.37
98.32	66.7424	2187.26
98.36	66.7424	2188.15
98.4	66.7424	2189.04
98.44	66.7424	2189.93
98.48	66.7424	2190.82
98.52	66.7424	2191.7
98.56	66.7424	2192.59
98.6	66.7424	2193.48
98.64	66.7424	2194.37
98.68	66.7424	2195.26
98.72	66.7424	2196.15
98.76	66.7424	2197.04
98.8	66.7424	2197.93
98.84	66.7424	2198.82
98.88	66.7424	2199.71
98.92	66.7424	2200.6
98.96	66.7424	2201.49
99	66.7424	2202.38
99.04	66.7424	2203.27
99.08	66.7424	2204.16
99.12	66.7424	2205.05
99.16	66.7424	2205.94
99.2	66.7424	2206.83
99.24	66.7424	2207.72
99.28	66.7424	2208.61
99.32	66.7424	2209.5
99.36	66.7424	2210.39
99.4	66.7424	2211.28
99.44	66.7424	2212.17
99.48	66.7424	2213.06
99.52	66.7424	2213.95
99.56	66.7424	2214.84
99.6	66.7424	2215.73
99.64	66.7424	2216.62
99.68	66.7424	2217.51
99.72	66.7424	2218.4
99.76	66.7424	2219.29
99.8	66.7424	2220.18
99.84	66.7424	2221.07
99.88	66.7424	2221.96
99.92	66.7424	2222.85
99.96	66.7424	2223.74
100	66.7424	2224.63
100.04	66.7424	2225.52
100.08	66.7424	2226.41
100.12	66.7424	2227.3
100.16	66.7424	2228.19
100.2	66.7424	2229.08
100.24	66.7424	2229.97
100.28	66.7424	2230.86
100.32	66.7424	2231.75
100.36	66.7424	2232.64
100.4	66.7424	2233.53
100.44	66.7424	2234.42
100.48	66.7424	2235.31
100.52	66.7424	2236.2
100.56	66.7424	2237.09
100.6	66.7424	2237.98
100.64	66.7424	2238.87
100.68	66.7424	2239.76
100.72	66.7424	2240.65
100.76	66.7424	2241.54
100.8	66.7424	2242.43
100.84	66.7424	2243.32
100.88	66.7424	2244.21
100.92	66.7424	2245.1
100.96	66.7424	2245.99
101	66.7424	2246.88
101.04	66.7424	2247.77
101.08	66.7424	2248.66
101.12	66.7424	2249.55
101.16	66.7424	2250.44
101.2	66.7424	2251.33
101.24	66.7424	2252.21
101.28	66.7424	2253.1
101.32	66.7424	2253.99
101.36	66.7424	2254.88
101.4	66.7424	2255.77
101.44	66.7424	2256.66
101.48	66.7424	2257.55
101.52	66.7424	2258.44
101.56	66.7424	2259.33
101.6	66.7424	2260.22
101.64	66.7424	2261.11
101.68	66.7424	2262
101.72	66.7424	2262.89
101.76	66.7424	2263.78
101.8	66.7424	2264.67
101.84	66.7424	2265.56
101.88	66.7424	2266.45
101.92	66.7424	2267.34
101.96	66.7424	2268.23
102	66.7424	2269.12
102.04	66.7424	2270.01
102.08	66.7424	2270.9
102.12	66.7424	2271.79
102.16	66.7424	2272.68
102.2	66.7424	2273.57
102.24	66.7424	2274.46
102.28	66.7424	2275.35
102.32	66.7424	2276.24
102.36	66.7424	2277.13
102.4	66.7424	2278.02
102.44	66.7424	2278.91
102.48	66.7424	2279.8
102.52	66.7424	2280.69
102.56	66.7424	2281.58
102.6	66.7424	2282.47
102.64	66.7424	2283.36
102.68	66.7424	2284.25
102.72	66.7424	2285.14
102.76	66.7424	2286.03
102.8	66.7424	2286.92
102.84	66.7424	2287.81
102.88	66.7424	2288.7
102.92	66.7424	2289.59
102.96	66.7424	2290.48
103	66.7424	2291.37
103.04	66.7424	2292.26
103.08	66.7424	2293.15
103.12	66.7424	2294.04
103.16	66.7424	2294.93
103.2	66.7424	2295.82
103.24	66.7424	2296.71
103.28	66.7424	2297.6
103.32	66.7424	2298.49
103.36	66.7424	2299.38
103.4	66.7424	2300.27
103.44	66.7424	2301.16
103.48	66.7424	2302.05
103.52	66.7424	2302.94
103.56	66.7424	2303.83
103.6	66.7424	2304.72
103.64	66.7424	2305.61
103.68	66.7424	2306.5
103.72	66.7424	2307.39
103.76	66.7424	2308.28
103.8	66.7424	2309.17
103.84	66.7424	2310.06
103.88	66.7424	2310.95
103.92	66.7424	2311.83
103.96	66.7424	2312.72
104	66.7424	2313.61
104.04	66.7424	2314.5
104.08	66.7424	2315.39
104.12	66.7424	2316.28
104.16	66.7424	2317.17
104.2	66.7424	2318.06
104.24	66.7424	2318.95
104.28	66.7424	2319.84
104.32	66.7424	2320.73
104.36	66.7424	2321.62
104.4	66.7424	2322.51
104.44	66.7424	2323.4
104.48	66.7424	2324.29
104.52	66.7424	2325.18
104.56	66.7424	2326.07
104.6	66.7424	2326.96
104.64	66.7424	2327.85
104.68	66.7424	2328.74
104.72	66.7424	2329.63
104.76	66.7424	2330.52
104.8	66.7424	2331.41
104.84	66.7424	2332.3
104.88	66.7424	2333.19
104.92	66.7424	2334.08
104.96	66.7424	2334.97
105	66.7424	2335.86
105.04	66.7424	2336.75
105.08	66.7424	2337.64
105.12	66.7424	2338.53
105.16	66.7424	2339.42
105.2	66.7424	2340.31
105.24	66.7424	2341.2
105.28	66.7424	2342.09
105.32	66.7424	2342.98
105.36	66.7424	2343.87
105.4	66.7424	2344.76
105.44	66.7424	2345.65
105.48	66.7424	2346.54
105.52	66.7424	2347.43
105.56	66.7424	2348.32
105.6	66.7424	2349.21
105.64	66.7424	2350.1
105.68	66.7424	2350.99
105.72	66.7424	2351.88
105.76	66.7424	2352.77
105.8	66.7424	2353.66
105.84	66.7424	2354.55
105.88	66.7424	2355.44
105.92	66.7424	2356.33
105.96	66.7424	2357.22
106	66.7424	2358.11
106.04	66.7424	2359
106.08	66.7424	2359.89
106.12	66.7424	2360.78
106.16	66.7424	2361.67
106.2	66.7424	2362.56
106.24	66.7424	2363.45
106.28	66.7424	2364.34
106.32	66.7424	2365.23
106.36	66.7424	2366.12
106.4	66.7424	2367.01
106.44	66.7424	2367.9
106.48	66.7424	2368.79
106.52	66.7424	2369.68
106.56	66.7424	2370.57
106.6	66.7424	2371.46
106.64	66.7424	2372.34
106.68	66.7424	2373.23
106.72	66.7424	2374.12
106.76	66.7424	2375.01
106.8	66.7424	2375.9
106.84	66.7424	2376.79
106.88	66.7424	2377.68
106.92	66.7424	2378.57
106.96	66.7424	2379.46
107	66.7424	2380.35
107.04	66.7424	2381.24
107.08	66.7424	2382.13
107.12	66.7424	2383.02
107.16	66.7424	2383.91
107.2	66.7424	2384.8
107.24	66.7424	2385.69
107.28	66.7424	2386.58
107.32	66.7424	2387.47
107.36	66.7424	2388.36
107.4	66.7424	2389.25
107.44	66.7424	2390.14
107.48	66.7424	2391.03
107.52	66.7424	2391.92
107.56	66.7424	2392.81
107.6	66.7424	2393.7
107.64	66.7424	2394.59
107.68	66.7424	2395.48
107.72	66.7424	2396.37
107.76	66.7424	2397.26
107.8	66.7424	2398.15
107.84	66.7424	2399.04
107.88	66.7424	2399.93
107.92	66.7424	2400.82
107.96	66.7424	2401.71
108	66.7424	2402.6
108.04	66.7424	2403.49
108.08	66.7424	2404.38
108.12	66.7424	2405.27
108.16	66.7424	2406.16
108.2	66.7424	2407.05
108.24	66.7424	2407.94
108.28	66.7424	2408.83
108.32	66.7424	2409.72
108.36	66.7424	2410.61
108.4	66.7424	2411.5
108.44	66.7424	2412.39
108.48	66.7424	2413.28
108.52	66.7424	2414.17
108.56	66.7424	2415.06
108.6	66.7424	2415.95
108.64	66.7424	2416.84
108.68	66.7424	2417.73
108.72	66.7424	2418.62
108.76	66.7424	2419.51
108.8	66.7424	2420.4
108.84	66.7424	2421.29
108.88	66.7424	2422.18
108.92	66.7424	2423.07
108.96	66.7424	2423.96
109	66.7424	2424.85
109.04	66.7424	2425.74
109.08	66.7424	2426.63
109.12	66.7424	2427.52
109.16	66.7424	2428.41
109.2	66.7424	2429.3
109.24	66.7424	2430.19
109.28	66.7424	2431.08
109.32	66.7424	2431.96
109.36	66.7424	2432.85
109.4	66.7424	2433.74
109.44	66.7424	2434.63
109.48	66.7424	2435.52
109.52	66.7424	2436.41
109.56	66.7424	2437.3
109.6	66.7424	2438.19
109.64	66.7424	2439.08
109.68	66.7424	2439.97
109.72	66.7424	2440.86
109.76	66.7424	2441.75
109.8	66.7424	2442.64
109.84	66.7424	2443.53
109.88	66.7424	2444.42
109.92	66.7424	2445.31
109.96	66.7424	2446.2
110	66.7424	2447.09
110.04	66.7424	2447.98
110.08	66.7424	2448.87
110.12	66.7424	2449.76
110.16	66.7424	2450.65
110.2	66.7424	2451.54
110.24	66.7424	2452.43
110.28	66.7424	2453.32
110.32	66.7424	2454.21
110.36	66.7424	2455.1
110.4	66.7424	2455.99
110.44	66.7424	2456.88
110.48	66.7424	2457.77
110.52	66.7424	2458.66
110.56	66.7424	2459.55
110.6	66.7424	2460.44
110.64	66.7424	2461.33
110.68	66.7424	2462.22
110.72	66.7424	2463.11
110.76	66.7424	2464
110.8	66.7424	2464.89
110.84	66.7424	2465.78
110.88	66.7424	2466.67
110.92	66.7424	2467.56
110.96	66.7424	2468.45
111	66.7424	2469.34
111.04	66.7424	2470.23
111.08	66.7424	2471.12
111.12	66.7424	2472.01
111.16	66.7424	2472.9
111.2	66.7424	2473.79
111.24	66.7424	2474.68
111.28	66.7424	2475.57
111.32	66.7424	2476.46
111.36	66.7424	2477.35
111.4	66.7424	2478.24
111.44	66.7424	2479.13
111.48	66.7424	2480.02
111.52	66.7424	2480.91
111.56	66.7424	2481.8
111.6	66.7424	2482.69
111.64	66.7424	2483.58
111.68	66.7424	2484.47
111.72	66.7424	2485.36
111.76	66.7424	2486.25
111.8	66.7424	2487.14
111.84	66.7424	2488.03
111.88	66.7424	2488.92
111.92	66.7424	2489.81
111.96	66.7424	2490.7
112	66.7424	2491.59
112.04	66.7424	2492.47
112.08	66.7424	2493.36
112.12	66.7424	2494.25
112.16	66.7424	2495.14
112.2	66.7424	2496.03
112.24	66.7424	2496.92
112.28	66.7424	2497.81
112.32	66.7424	2498.7
112.36	66.7424	2499.59
112.4	66.7424	2500.48
112.44	66.7424	2501.37
112.48	66.7424	2502.26
112.52	66.7424	2503.15
112.56	66.7424	2504.04
112.6	66.7424	2504.93
112.64	66.7424	2505.82
112.68	66.7424	2506.71
112.72	66.7424	2507.6
112.76	66.7424	2508.49
112.8	66.7424	2509.38
112.84	66.7424	2510.27
112.88	66.7424	2511.16
112.92	66.7424	2512.05
112.96	66.7424	2512.94
113	66.7424	2513.83
113.04	66.7424	2514.72
113.08	66.7424	2515.61
113.12	66.7424	2516.5
113.16	66.7424	2517.39
113.2	66.7424	2518.28
113.24	66.7424	2519.17
113.28	66.7424	2520.06
113.32	66.7424	2520.95
113.36	66.7424	2521.84
113.4	66.7424	2522.73
113.44	66.7424	2523.62
113.48	66.7424	2524.51
113.52	66.7424	2525.4
113.56	66.7424	2526.29
113.6	66.7424	2527.18
113.64	66.7424	2528.07
113.68	66.7424	2528.96
113.72	66.7424	2529.85
113.76	66.7424	2530.74
113.8	66.7424	2531.63
113.84	66.7424	2532.52
113.88	66.7424	2533.41
113.92	66.7424	2534.3
113.96	66.7424	2535.19
114	66.7424	2536.08
114.04	66.7424	2536.97
114.08	66.7424	2537.86
114.12	66.7424	2538.75
114.16	66.7424	2539.64
114.2	66.7424	2540.53
114.24	66.7424	2541.42
114.28	66.7424	2542.31
114.32	66.7424	2543.2
114.36	66.7424	2544.09
114.4	66.7424	2544.98
114.44	66.7424	2545.87
114.48	66.7424	2546.76
114.52	66.7424	2547.65
114.56	66.7424	2548.54
114.6	66.7424	2549.43
114.64	66.7424	2550.32
114.68	66.7424	2551.21
114.72	66.7424	2552.09
114.76	66.7424	2552.98
114.8	66.7424	2553.87
114.84	66.7424	2554.76
114.88	66.7424	2555.65
114.92	66.7424	2556.54
114.96	66.7424	2557.43
115	66.7424	2558.32
115.04	66.7424	2559.21
115.08	66.7424	2560.1
115.12	66.7424	2560.99
115.16	66.7424	2561.88
115.2	66.7424	2562.77
115.24	66.7424	2563.66
115.28	66.7424	2564.55
115.32	66.7424	2565.44
115.36	66.7424	2566.33
115.4	66.7424	2567.22
115.44	66.7424	2568.11
115.48	66.7424	2569
115.52	66.7424	2569.89
115.56	66.7424	2570.78
115.6	66.7424	2571.67
115.64	66.7424	2572.56
115.68	66.7424	2573.45
115.72	66.7424	2574.34
115.76	66.7424	2575.23
115.8	66.7424	2576.12
115.84	66.7424	2577.01
115.88	66.7424	2577.9
115.92	66.7424	2578.79
115.96	66.7424	2579.68
116	66.7424	2580.57
116.04	66.7424	2581.46
116.08	66.7424	2582.35
116.12	66.7424	2583.24
116.16	66.7424	2584.13
116.2	66.7424	2585.02
116.24	66.7424	2585.91
116.28	66.7424	2586.8
116.32	66.7424	2587.69
116.36	66.7424	2588.58
116.4	66.7424	2589.47
116.44	66.7424	2590.36
116.48	66.7424	2591.25
116.52	66.7424	2592.14
116.56	66.7424	2593.03
116.6	66.7424	2593.92
116.64	66.7424	2594.81
116.68	66.7424	2595.7
116.72	66.7424	2596.59
116.76	66.7424	2597.48
116.8	66.7424	2598.37
116.84	66.7424	2599.26
116.88	66.7424	2600.15
116.92	66.7424	2601.04
116.96	66.7424	2601.93
117	66.7424	2602.82
117.04	66.7424	2603.71
117.08	66.7424	2604.6
117.12	66.7424	2605.49
117.16	66.7424	2606.38
117.2	66.7424	2607.27
117.24	66.7424	2608.16
117.28	66.7424	2609.05
117.32	66.7424	2609.94
117.36	66.7424	2610.83
117.4	66.7424	2611.72
117.44	66.7424	2612.6
117.48	66.7424	2613.49
117.52	66.7424	2614.38
117.56	66.7424	2615.27
117.6	66.7424	2616.16
117.64	66.7424	2617.05
117.68	66.7424	2617.94
117.72	66.7424	2618.83
117.76	66.7424	2619.72
117.8	66.7424	2620.61
117.84	66.7424	2621.5
117.88	66.7424	2622.39
117.92	66.7424	2623.28
117.96	66.7424	2624.17
118	66.7424	2625.06
118.04	66.7424	2625.95
118.08	66.7424	2626.84
118.12	66.7424	2627.73
118.16	66.7424	2628.62
118.2	66.7424	2629.51
118.24	66.7424	2630.4
118.28	66.7424	2631.29
118.32	66.7424	2632.18
118.36	66.7424	2633.07
118.4	66.7424	2633.96
118.44	66.7424	2634.85
118.48	66.7424	2635.74
118.52	66.7424	2636.63
118.56	66.7424	2637.52
118.6	66.7424	2638.41
118.64	66.7424	2639.3
118.68	66.7424	2640.19
118.72	66.7424	2641.08
118.76	66.7424	2641.97
118.8	66.7424	2642.86
118.84	66.7424	2643.75
118.88	66.7424	2644.64
118.92	66.7424	2645.53
118.96	66.7424	2646.42
119	66.7424	2647.31
119.04	66.7424	2648.2
119.08	66.7424	2649.09
119.12	66.7424	2649.98
119.16	66.7424	2650.87
119.2	66.7424	2651.76
119.24	66.7424	2652.65
119.28	66.7424	2653.54
119.32	66.7424	2654.43
119.36	66.7424	2655.32
119.4	66.7424	2656.21
119.44	66.7424	2657.1
119.48	66.7424	2657.99
119.52	66.7424	2658.88
119.56	66.7424	2659.77
119.6	66.7424	2660.66
119.64	66.7424	2661.55
119.68	66.7424	2662.44
119.72	66.7424	2663.33
119.76	66.7424	2664.22
119.8	66.7424	2665.11
119.84	66.7424	2666
119.88	66.7424	2666.89
119.92	66.7424	2667.78
119.96	66.7424	2668.67
