0	0	-0
0.04	0.39196	0.0156784
0.08	0.783676	0.0626939
0.12	1.17491	0.140988
0.16	1.56541	0.250464
0.2	1.95495	0.390987
0.24	2.34328	0.562383
0.28	2.73017	0.764442
0.32	3.1154	0.996918
0.36	3.49872	1.25953
0.4	3.87993	1.55196
0.44	4.25881	1.87385
0.48	4.63513	2.22484
0.52	5.00871	2.60449
0.56	5.37933	3.01238
0.6	5.74681	3.44803
0.64	6.11096	3.91095
0.68	6.4716	4.40061
0.72	6.82856	4.91648
0.76	7.18169	5.45798
0.8	7.53082	6.02454
0.84	7.87581	6.61554
0.88	8.21652	7.23039
0.92	8.55283	7.86843
0.96	8.88461	8.52904
1	9.21176	9.21154
1.04	9.53417	9.9153
1.08	9.85174	10.6396
1.12	10.1644	11.3838
1.16	10.4721	12.1473
1.2	10.7747	12.9293
1.24	11.0722	13.7291
1.28	11.3645	14.5461
1.32	11.6516	15.3796
1.36	11.9334	16.229
1.4	12.21	17.0935
1.44	12.4813	17.9725
1.48	12.7472	18.8653
1.52	13.0079	19.7713
1.56	13.2632	20.6899
1.6	13.5132	21.6205
1.64	13.758	22.5623
1.68	13.9974	23.5149
1.72	14.2316	24.4775
1.76	14.4606	25.4498
1.8	14.6844	26.431
1.84	14.9031	27.4206
1.88	15.1166	28.4182
1.92	15.3251	29.4231
1.96	15.5286	30.4349
2	15.7272	31.4532
2.04	15.9209	32.4773
2.08	16.1097	33.5069
2.12	16.2938	34.5415
2.16	16.4732	35.5807
2.2	16.648	36.6241
2.24	16.8182	37.6712
2.28	16.984	38.7218
2.32	17.1453	39.7755
2.36	17.3024	40.8318
2.4	17.4551	41.8906
2.44	17.6038	42.9513
2.48	17.7483	44.0139
2.52	17.8888	45.0779
2.56	18.0254	46.1431
2.6	18.1582	47.2092
2.64	18.2872	48.276
2.68	18.4125	49.3433
2.72	18.5342	50.4108
2.76	18.6524	51.4783
2.8	18.7671	52.5456
2.84	18.8785	53.6126
2.88	18.9866	54.679
2.92	19.0915	55.7447
2.96	19.1933	56.8096
3	19.2921	57.8734
3.04	19.3878	58.9361
3.08	19.4807	59.9976
3.12	19.5707	61.0577
3.16	19.658	62.1163
3.2	19.7426	63.1733
3.24	19.8246	64.2287
3.28	19.9041	65.2823
3.32	19.9811	66.3341
3.36	20.0557	67.384
3.4	20.128	68.4319
3.44	20.198	69.4778
3.48	20.2658	70.5216
3.52	20.3315	71.5633
3.56	20.3951	72.6028
3.6	20.4566	73.6402
3.64	20.5162	74.6753
3.68	20.5739	75.7082
3.72	20.6298	76.7389
3.76	20.6838	77.7672
3.8	20.7361	78.7933
3.84	20.7867	79.817
3.88	20.8357	80.8384
3.92	20.8831	81.8576
3.96	20.9289	82.8744
4	20.9733	83.8889
4.04	21.0162	84.901
4.08	21.0577	85.9109
4.12	21.0978	86.9185
4.16	21.1366	87.9239
4.2	21.1742	88.9269
4.24	21.2105	89.9277
4.28	21.2456	90.9263
4.32	21.2795	91.9227
4.36	21.3123	92.9169
4.4	21.344	93.9089
4.44	21.3747	94.8988
4.48	21.4044	95.8865
4.52	21.433	96.8722
4.56	21.4607	97.8558
4.6	21.4875	98.8373
4.64	21.5134	99.8169
4.68	21.5384	100.794
4.72	21.5626	101.77
4.76	21.5859	102.744
4.8	21.6085	103.715
4.84	21.6303	104.685
4.88	21.6514	105.653
4.92	21.6718	106.62
4.96	21.6915	107.584
5	21.7105	108.547
5.04	21.7289	109.508
5.08	21.7466	110.467
5.12	21.7638	111.425
5.16	21.7804	112.381
5.2	21.7964	113.335
5.24	21.8118	114.288
5.28	21.8268	115.239
5.32	21.8412	116.189
5.36	21.8552	117.137
5.4	21.8686	118.084
5.44	21.8816	119.03
5.48	21.8942	119.974
5.52	21.9063	120.917
5.56	21.9181	121.858
5.6	21.9294	122.798
5.64	21.9403	123.737
5.68	21.9509	124.674
5.72	21.9611	125.611
5.76	21.971	126.546
5.8	21.9805	127.48
5.84	21.9897	128.413
5.88	21.9986	129.345
5.92	22.0071	130.275
5.96	22.0154	131.205
6	22.0234	132.133
6.04	22.0311	133.061
6.08	22.0386	133.987
6.12	22.0458	134.913
6.16	22.0527	135.838
6.2	22.0595	136.761
6.24	22.0659	137.684
6.28	22.0722	138.606
6.32	22.0782	139.527
6.36	22.0841	140.447
6.4	22.0897	141.367
6.44	22.0952	142.285
6.48	22.1004	143.203
6.52	22.1055	144.12
6.56	22.1104	145.036
6.6	22.1151	145.952
6.64	22.1197	146.867
6.68	22.1241	147.781
6.72	22.1284	148.695
6.76	22.1325	149.608
6.8	22.1365	150.52
6.84	22.1403	151.431
6.88	22.144	152.343
6.92	22.1476	153.253
6.96	22.151	154.163
7	22.1544	155.072
7.04	22.1576	155.981
7.08	22.1607	156.889
7.12	22.1637	157.797
7.16	22.1666	158.704
7.2	22.1694	159.611
7.24	22.1721	160.517
7.28	22.1747	161.423
7.32	22.1772	162.328
7.36	22.1796	163.233
7.4	22.182	164.138
7.44	22.1843	165.042
7.48	22.1864	165.946
7.52	22.1885	166.849
7.56	22.1906	167.752
7.6	22.1926	168.654
7.64	22.1945	169.556
7.68	22.1963	170.458
7.72	22.1981	171.36
7.76	22.1998	172.261
7.8	22.2014	173.162
7.84	22.203	174.062
7.88	22.2046	174.962
7.92	22.206	175.862
7.96	22.2075	176.762
8	22.2089	177.661
8.04	22.2102	178.56
8.08	22.2115	179.459
8.12	22.2127	180.358
8.16	22.2139	181.256
8.2	22.2151	182.154
8.24	22.2162	183.052
8.28	22.2173	183.949
8.32	22.2183	184.847
8.36	22.2194	185.744
8.4	22.2203	186.641
8.44	22.2213	187.537
8.48	22.2222	188.434
8.52	22.2231	189.33
8.56	22.2239	190.226
8.6	22.2247	191.122
8.64	22.2255	192.018
8.68	22.2263	192.914
8.72	22.227	193.809
8.76	22.2277	194.704
8.8	22.2284	195.599
8.84	22.2291	196.494
8.88	22.2297	197.389
8.92	22.2303	198.284
8.96	22.2309	199.178
9	22.2315	200.072
9.04	22.232	200.967
9.08	22.2326	201.861
9.12	22.2331	202.755
9.16	22.2336	203.649
9.2	22.2341	204.542
9.24	22.2345	205.436
9.28	22.235	206.329
9.32	22.2354	207.223
9.36	22.2358	208.116
9.4	22.2362	209.009
9.44	22.2366	209.902
9.48	22.237	210.795
9.52	22.2374	211.688
9.56	22.2377	212.581
9.6	22.2381	213.474
9.64	22.2384	214.366
9.68	22.2387	215.259
9.72	22.239	216.151
9.76	22.2393	217.044
9.8	22.2396	217.936
9.84	22.2399	218.828
9.88	22.2401	219.72
9.92	22.2404	220.613
9.96	22.2406	221.505
10	22.2409	222.397
10.04	22.2411	223.288
10.08	22.2413	224.18
10.12	22.2415	225.072
10.16	22.2417	225.964
10.2	22.2419	226.855
10.24	22.2421	227.747
10.28	22.2423	228.639
10.32	22.2425	229.53
10.36	22.2427	230.422
10.4	22.2428	231.313
10.44	22.243	232.204
10.48	22.2432	233.096
10.52	22.2433	233.987
10.56	22.2434	234.878
10.6	22.2436	235.769
10.64	22.2437	236.66
10.68	22.2439	237.551
10.72	22.244	238.443
10.76	22.2441	239.334
10.8	22.2442	240.225
10.84	22.2443	241.116
10.88	22.2444	242.006
10.92	22.2445	242.897
10.96	22.2446	243.788
11	22.2447	244.679
11.04	22.2448	245.57
11.08	22.2449	246.461
11.12	22.245	247.351
11.16	22.2451	248.242
11.2	22.2452	249.133
11.24	22.2453	250.023
11.28	22.2454	250.914
11.32	22.2454	251.805
11.36	22.2455	252.695
11.4	22.2456	253.586
11.44	22.2456	254.476
11.48	22.2457	255.367
11.52	22.2458	256.257
11.56	22.2458	257.148
11.6	22.2459	258.038
11.64	22.2459	258.929
11.68	22.246	259.819
11.72	22.246	260.709
11.76	22.2461	261.6
11.8	22.2461	262.49
11.84	22.2462	263.381
11.88	22.2462	264.271
11.92	22.2463	265.161
11.96	22.2463	266.052
12	22.2464	266.942
12.04	22.2464	267.832
12.08	22.2464	268.722
12.12	22.2465	269.613
12.16	22.2465	270.503
12.2	22.2465	271.393
12.24	22.2466	272.283
12.28	22.2466	273.174
12.32	22.2466	274.064
12.36	22.2467	274.954
12.4	22.2467	275.844
12.44	22.2467	276.734
12.48	22.2468	277.624
12.52	22.2468	278.515
12.56	22.2468	279.405
12.6	22.2468	280.295
12.64	22.2469	281.185
12.68	22.2469	282.075
12.72	22.2469	282.965
12.76	22.2469	283.855
12.8	22.2469	284.745
12.84	22.247	285.635
12.88	22.247	286.526
12.92	22.247	287.416
12.96	22.247	288.306
13	22.247	289.196
13.04	22.247	290.086
13.08	22.2471	290.976
13.12	22.2471	291.866
13.16	22.2471	292.756
13.2	22.2471	293.646
13.24	22.2471	294.536
13.28	22.2471	295.426
13.32	22.2471	296.316
13.36	22.2472	297.206
13.4	22.2472	298.096
13.44	22.2472	298.986
13.48	22.2472	299.876
13.52	22.2472	300.766
13.56	22.2472	301.656
13.6	22.2472	302.546
13.64	22.2472	303.436
13.68	22.2472	304.326
13.72	22.2472	305.216
13.76	22.2473	306.106
13.8	22.2473	306.996
13.84	22.2473	307.886
13.88	22.2473	308.776
13.92	22.2473	309.666
13.96	22.2473	310.555
14	22.2473	311.445
14.04	22.2473	312.335
14.08	22.2473	313.225
14.12	22.2473	314.115
14.16	22.2473	315.005
14.2	22.2473	315.895
14.24	22.2473	316.785
14.28	22.2473	317.675
14.32	22.2474	318.565
14.36	22.2474	319.455
14.4	22.2474	320.345
14.44	22.2474	321.235
14.48	22.2474	322.124
14.52	22.2474	323.014
14.56	22.2474	323.904
14.6	22.2474	324.794
14.64	22.2474	325.684
14.68	22.2474	326.574
14.72	22.2474	327.464
14.76	22.2474	328.354
14.8	22.2474	329.244
14.84	22.2474	330.134
14.88	22.2474	331.024
14.92	22.2474	331.913
14.96	22.2474	332.803
15	22.2474	333.693
15.04	22.2474	334.583
15.08	22.2474	335.473
15.12	22.2474	336.363
15.16	22.2474	337.253
15.2	22.2474	338.143
15.24	22.2474	339.033
15.28	22.2474	339.922
15.32	22.2474	340.812
15.36	22.2474	341.702
15.4	22.2474	342.592
15.44	22.2474	343.482
15.48	22.2474	344.372
15.52	22.2474	345.262
15.56	22.2475	346.152
15.6	22.2475	347.041
15.64	22.2475	347.931
15.68	22.2475	348.821
15.72	22.2475	349.711
15.76	22.2475	350.601
15.8	22.2475	351.491
15.84	22.2475	352.381
15.88	22.2475	353.271
15.92	22.2475	354.16
15.96	22.2475	355.05
16	22.2475	355.94
16.04	22.2475	356.83
16.08	22.2475	357.72
16.12	22.2475	358.61
16.16	22.2475	359.5
16.2	22.2475	360.39
16.24	22.2475	361.279
16.28	22.2475	362.169
16.32	22.2475	363.059
16.36	22.2475	363.949
16.4	22.2475	364.839
16.44	22.2475	365.729
16.48	22.2475	366.619
16.52	22.2475	367.508
16.56	22.2475	368.398
16.6	22.2475	369.288
16.64	22.2475	370.178
16.68	22.2475	371.068
16.72	22.2475	371.958
16.76	22.2475	372.848
16.8	22.2475	373.737
16.84	22.2475	374.627
16.88	22.2475	375.517
16.92	22.2475	376.407
16.96	22.2475	377.297
17	22.2475	378.187
17.04	22.2475	379.077
17.08	22.2475	379.966
17.12	22.2475	380.856
17.16	22.2475	381.746
17.2	22.2475	382.636
17.24	22.2475	383.526
17.28	22.2475	384.416
17.32	22.2475	385.306
17.36	22.2475	386.196
17.4	22.2475	387.085
17.44	22.2475	387.975
17.48	22.2475	388.865
17.52	22.2475	389.755
17.56	22.2475	390.645
17.6	22.2475	391.535
17.64	22.2475	392.425
17.68	22.2475	393.314
17.72	22.2475	394.204
17.76	22.2475	395.094
17.8	22.2475	395.984
17.84	22.2475	396.874
17.88	22.2475	397.764
17.92	22.2475	398.653
17.96	22.2475	399.543
18	22.2475	400.433
18.04	22.2475	401.323
18.08	22.2475	402.213
18.12	22.2475	403.103
18.16	22.2475	403.993
18.2	22.2475	404.882
18.24	22.2475	405.772
18.28	22.2475	406.662
18.32	22.2475	407.552
18.36	22.2475	408.442
18.4	22.2475	409.332
18.44	22.2475	410.222
18.48	22.2475	411.111
18.52	22.2475	412.001
18.56	22.2475	412.891
18.6	22.2475	413.781
18.64	22.2475	414.671
18.68	22.2475	415.561
18.72	22.2475	416.451
18.76	22.2475	417.34
18.8	22.2475	418.23
18.84	22.2475	419.12
18.88	22.2475	420.01
18.92	22.2475	420.9
18.96	22.2475	421.79
19	22.2475	422.68
19.04	22.2475	423.569
19.08	22.2475	424.459
19.12	22.2475	425.349
19.16	22.2475	426.239
19.2	22.2475	427.129
19.24	22.2475	428.019
19.28	22.2475	428.909
19.32	22.2475	429.798
19.36	22.2475	430.688
19.4	22.2475	431.578
19.44	22.2475	432.468
19.48	22.2475	433.358
19.52	22.2475	434.248
19.56	22.2475	435.138
19.6	22.2475	436.027
19.64	22.2475	436.917
19.68	22.2475	437.807
19.72	22.2475	438.697
19.76	22.2475	439.587
19.8	22.2475	440.477
19.84	22.2475	441.366
19.88	22.2475	442.256
19.92	22.2475	443.146
19.96	22.2475	444.036
20	22.2475	444.926
20.04	22.2475	445.816
20.08	22.2475	446.706
20.12	22.2475	447.595
20.16	22.2475	448.485
20.2	22.2475	449.375
20.24	22.2475	450.265
20.28	22.2475	451.155
20.32	22.2475	452.045
20.36	22.2475	452.935
20.4	22.2475	453.824
20.44	22.2475	454.714
20.48	22.2475	455.604
20.52	22.2475	456.494
20.56	22.2475	457.384
20.6	22.2475	458.274
20.64	22.2475	459.164
20.68	22.2475	460.053
20.72	22.2475	460.943
20.76	22.2475	461.833
20.8	22.2475	462.723
20.84	22.2475	463.613
20.88	22.2475	464.503
20.92	22.2475	465.392
20.96	22.2475	466.282
21	22.2475	467.172
21.04	22.2475	468.062
21.08	22.2475	468.952
21.12	22.2475	469.842
21.16	22.2475	470.732
21.2	22.2475	471.621
21.24	22.2475	472.511
21.28	22.2475	473.401
21.32	22.2475	474.291
21.36	22.2475	475.181
21.4	22.2475	476.071
21.44	22.2475	476.961
21.48	22.2475	477.85
21.52	22.2475	478.74
21.56	22.2475	479.63
21.6	22.2475	480.52
21.64	22.2475	481.41
21.68	22.2475	482.3
21.72	22.2475	483.19
21.76	22.2475	484.079
21.8	22.2475	484.969
21.84	22.2475	485.859
21.88	22.2475	486.749
21.92	22.2475	487.639
21.96	22.2475	488.529
22	22.2475	489.418
22.04	22.2475	490.308
22.08	22.2475	491.198
22.12	22.2475	492.088
22.16	22.2475	492.978
22.2	22.2475	493.868
22.24	22.2475	494.758
22.28	22.2475	495.647
22.32	22.2475	496.537
22.36	22.2475	497.427
22.4	22.2475	498.317
22.44	22.2475	499.207
22.48	22.2475	500.097
22.52	22.2475	500.987
22.56	22.2475	501.876
22.6	22.2475	502.766
22.64	22.2475	503.656
22.68	22.2475	504.546
22.72	22.2475	505.436
22.76	22.2475	506.326
22.8	22.2475	507.216
22.84	22.2475	508.105
22.88	22.2475	508.995
22.92	22.2475	509.885
22.96	22.2475	510.775
23	22.2475	511.665
23.04	22.2475	512.555
23.08	22.2475	513.444
23.12	22.2475	514.334
23.16	22.2475	515.224
23.2	22.2475	516.114
23.24	22.2475	517.004
23.28	22.2475	517.894
23.32	22.2475	518.784
23.36	22.2475	519.673
23.4	22.2475	520.563
23.44	22.2475	521.453
23.48	22.2475	522.343
23.52	22.2475	523.233
23.56	22.2475	524.123
23.6	22.2475	525.013
23.64	22.2475	525.902
23.68	22.2475	526.792
23.72	22.2475	527.682
23.76	22.2475	528.572
23.8	22.2475	529.462
23.84	22.2475	530.352
23.88	22.2475	531.242
23.92	22.2475	532.131
23.96	22.2475	533.021
24	22.2475	533.911
24.04	22.2475	534.801
24.08	22.2475	535.691
24.12	22.2475	536.581
24.16	22.2475	537.47
24.2	22.2475	538.36
24.24	22.2475	539.25
24.28	22.2475	540.14
24.32	22.2475	541.03
24.36	22.2475	541.92
24.4	22.2475	542.81
24.44	22.2475	543.699
24.48	22.2475	544.589
24.52	22.2475	545.479
24.56	22.2475	546.369
24.6	22.2475	547.259
24.64	22.2475	548.149
24.68	22.2475	549.039
24.72	22.2475	549.928
24.76	22.2475	550.818
24.8	22.2475	551.708
24.84	22.2475	552.598
24.88	22.2475	553.488
24.92	22.2475	554.378
24.96	22.2475	555.268
25	22.2475	556.157
25.04	22.2475	557.047
25.08	22.2475	557.937
25.12	22.2475	558.827
25.16	22.2475	559.717
25.2	22.2475	560.607
25.24	22.2475	561.496
25.28	22.2475	562.386
25.32	22.2475	563.276
25.36	22.2475	564.166
25.4	22.2475	565.056
25.44	22.2475	565.946
25.48	22.2475	566.836
25.52	22.2475	567.725
25.56	22.2475	568.615
25.6	22.2475	569.505
25.64	22.2475	570.395
25.68	22.2475	571.285
25.72	22.2475	572.175
25.76	22.2475	573.065
25.8	22.2475	573.954
25.84	22.2475	574.844
25.88	22.2475	575.734
25.92	22.2475	576.624
25.96	22.2475	577.514
26	22.2475	578.404
26.04	22.2475	579.294
26.08	22.2475	580.183
26.12	22.2475	581.073
26.16	22.2475	581.963
26.2	22.2475	582.853
26.24	22.2475	583.743
26.28	22.2475	584.633
26.32	22.2475	585.522
26.36	22.2475	586.412
26.4	22.2475	587.302
26.44	22.2475	588.192
26.48	22.2475	589.082
26.52	22.2475	589.972
26.56	22.2475	590.862
26.6	22.2475	591.751
26.64	22.2475	592.641
26.68	22.2475	593.531
26.72	22.2475	594.421
26.76	22.2475	595.311
26.8	22.2475	596.201
26.84	22.2475	597.091
26.88	22.2475	597.98
26.92	22.2475	598.87
26.96	22.2475	599.76
27	22.2475	600.65
27.04	22.2475	601.54
27.08	22.2475	602.43
27.12	22.2475	603.32
27.16	22.2475	604.209
27.2	22.2475	605.099
27.24	22.2475	605.989
27.28	22.2475	606.879
27.32	22.2475	607.769
27.36	22.2475	608.659
27.4	22.2475	609.548
27.44	22.2475	610.438
27.48	22.2475	611.328
27.52	22.2475	612.218
27.56	22.2475	613.108
27.6	22.2475	613.998
27.64	22.2475	614.888
27.68	22.2475	615.777
27.72	22.2475	616.667
27.76	22.2475	617.557
27.8	22.2475	618.447
27.84	22.2475	619.337
27.88	22.2475	620.227
27.92	22.2475	621.117
27.96	22.2475	622.006
28	22.2475	622.896
28.04	22.2475	623.786
28.08	22.2475	624.676
28.12	22.2475	625.566
28.16	22.2475	626.456
28.2	22.2475	627.346
28.24	22.2475	628.235
28.28	22.2475	629.125
28.32	22.2475	630.015
28.36	22.2475	630.905
28.4	22.2475	631.795
28.44	22.2475	632.685
28.48	22.2475	633.574
28.52	22.2475	634.464
28.56	22.2475	635.354
28.6	22.2475	636.244
28.64	22.2475	637.134
28.68	22.2475	638.024
28.72	22.2475	638.914
28.76	22.2475	639.803
28.8	22.2475	640.693
28.84	22.2475	641.583
28.88	22.2475	642.473
28.92	22.2475	643.363
28.96	22.2475	644.253
29	22.2475	645.143
29.04	22.2475	646.032
29.08	22.2475	646.922
29.12	22.2475	647.812
29.16	22.2475	648.702
29.2	22.2475	649.592
29.24	22.2475	650.482
29.28	22.2475	651.372
29.32	22.2475	652.261
29.36	22.2475	653.151
29.4	22.2475	654.041
29.44	22.2475	654.931
29.48	22.2475	655.821
29.52	22.2475	656.711
29.56	22.2475	657.6
29.6	22.2475	658.49
29.64	22.2475	659.38
29.68	22.2475	660.27
29.72	22.2475	661.16
29.76	22.2475	662.05
29.8	22.2475	662.94
29.84	22.2475	663.829
29.88	22.2475	664.719
29.92	22.2475	665.609
29.96	22.2475	666.499
30	22.2475	667.389
30.04	22.2475	668.279
30.08	22.2475	669.169
30.12	22.2475	670.058
30.16	22.2475	670.948
30.2	22.2475	671.838
30.24	22.2475	672.728
30.28	22.2475	673.618
30.32	22.2475	674.508
30.36	22.2475	675.398
30.4	22.2475	676.287
30.44	22.2475	677.177
30.48	22.2475	678.067
30.52	22.2475	678.957
30.56	22.2475	679.847
30.6	22.2475	680.737
30.64	22.2475	681.626
30.68	22.2475	682.516
30.72	22.2475	683.406
30.76	22.2475	684.296
30.8	22.2475	685.186
30.84	22.2475	686.076
30.88	22.2475	686.966
30.92	22.2475	687.855
30.96	22.2475	688.745
31	22.2475	689.635
31.04	22.2475	690.525
31.08	22.2475	691.415
31.12	22.2475	692.305
31.16	22.2475	693.195
31.2	22.2475	694.084
31.24	22.2475	694.974
31.28	22.2475	695.864
31.32	22.2475	696.754
31.36	22.2475	697.644
31.4	22.2475	698.534
31.44	22.2475	699.424
31.48	22.2475	700.313
31.52	22.2475	701.203
31.56	22.2475	702.093
31.6	22.2475	702.983
31.64	22.2475	703.873
31.68	22.2475	704.763
31.72	22.2475	705.652
31.76	22.2475	706.542
31.8	22.2475	707.432
31.84	22.2475	708.322
31.88	22.2475	709.212
31.92	22.2475	710.102
31.96	22.2475	710.992
32	22.2475	711.881
32.04	22.2475	712.771
32.08	22.2475	713.661
32.12	22.2475	714.551
32.16	22.2475	715.441
32.2	22.2475	716.331
32.24	22.2475	717.221
32.28	22.2475	718.11
32.32	22.2475	719
32.36	22.2475	719.89
32.4	22.2475	720.78
32.44	22.2475	721.67
32.48	22.2475	722.56
32.52	22.2475	723.45
32.56	22.2475	724.339
32.6	22.2475	725.229
32.64	22.2475	726.119
32.68	22.2475	727.009
32.72	22.2475	727.899
32.76	22.2475	728.789
32.8	22.2475	729.678
32.84	22.2475	730.568
32.88	22.2475	731.458
32.92	22.2475	732.348
32.96	22.2475	733.238
33	22.2475	734.128
33.04	22.2475	735.018
33.08	22.2475	735.907
33.12	22.2475	736.797
33.16	22.2475	737.687
33.2	22.2475	738.577
33.24	22.2475	739.467
33.28	22.2475	740.357
33.32	22.2475	741.247
33.36	22.2475	742.136
33.4	22.2475	743.026
33.44	22.2475	743.916
33.48	22.2475	744.806
33.52	22.2475	745.696
33.56	22.2475	746.586
33.6	22.2475	747.476
33.64	22.2475	748.365
33.68	22.2475	749.255
33.72	22.2475	750.145
33.76	22.2475	751.035
33.8	22.2475	751.925
33.84	22.2475	752.815
33.88	22.2475	753.704
33.92	22.2475	754.594
33.96	22.2475	755.484
34	22.2475	756.374
34.04	22.2475	757.264
34.08	22.2475	758.154
34.12	22.2475	759.044
34.16	22.2475	759.933
34.2	22.2475	760.823
34.24	22.2475	761.713
34.28	22.2475	762.603
34.32	22.2475	763.493
34.36	22.2475	764.383
34.4	22.2475	765.273
34.44	22.2475	766.162
34.48	22.2475	767.052
34.52	22.2475	767.942
34.56	22.2475	768.832
34.6	22.2475	769.722
34.64	22.2475	770.612
34.68	22.2475	771.502
34.72	22.2475	772.391
34.76	22.2475	773.281
34.8	22.2475	774.171
34.84	22.2475	775.061
34.88	22.2475	775.951
34.92	22.2475	776.841
34.96	22.2475	777.73
35	22.2475	778.62
35.04	22.2475	779.51
35.08	22.2475	780.4
35.12	22.2475	781.29
35.16	22.2475	782.18
35.2	22.2475	783.07
35.24	22.2475	783.959
35.28	22.2475	784.849
35.32	22.2475	785.739
35.36	22.2475	786.629
35.4	22.2475	787.519
35.44	22.2475	788.409
35.48	22.2475	789.299
35.52	22.2475	790.188
35.56	22.2475	791.078
35.6	22.2475	791.968
35.64	22.2475	792.858
35.68	22.2475	793.748
35.72	22.2475	794.638
35.76	22.2475	795.528
35.8	22.2475	796.417
35.84	22.2475	797.307
35.88	22.2475	798.197
35.92	22.2475	799.087
35.96	22.2475	799.977
36	22.2475	800.867
36.04	22.2475	801.756
36.08	22.2475	802.646
36.12	22.2475	803.536
36.16	22.2475	804.426
36.2	22.2475	805.316
36.24	22.2475	806.206
36.28	22.2475	807.096
36.32	22.2475	807.985
36.36	22.2475	808.875
36.4	22.2475	809.765
36.44	22.2475	810.655
36.48	22.2475	811.545
36.52	22.2475	812.435
36.56	22.2475	813.325
36.6	22.2475	814.214
36.64	22.2475	815.104
36.68	22.2475	815.994
36.72	22.2475	816.884
36.76	22.2475	817.774
36.8	22.2475	818.664
36.84	22.2475	819.554
36.88	22.2475	820.443
36.92	22.2475	821.333
36.96	22.2475	822.223
37	22.2475	823.113
37.04	22.2475	824.003
37.08	22.2475	824.893
37.12	22.2475	825.782
37.16	22.2475	826.672
37.2	22.2475	827.562
37.24	22.2475	828.452
37.28	22.2475	829.342
37.32	22.2475	830.232
37.36	22.2475	831.122
37.4	22.2475	832.011
37.44	22.2475	832.901
37.48	22.2475	833.791
37.52	22.2475	834.681
37.56	22.2475	835.571
37.6	22.2475	836.461
37.64	22.2475	837.351
37.68	22.2475	838.24
37.72	22.2475	839.13
37.76	22.2475	840.02
37.8	22.2475	840.91
37.84	22.2475	841.8
37.88	22.2475	842.69
37.92	22.2475	843.58
37.96	22.2475	844.469
38	22.2475	845.359
38.04	22.2475	846.249
38.08	22.2475	847.139
38.12	22.2475	848.029
38.16	22.2475	848.919
38.2	22.2475	849.808
38.24	22.2475	850.698
38.28	22.2475	851.588
38.32	22.2475	852.478
38.36	22.2475	853.368
38.4	22.2475	854.258
38.44	22.2475	855.148
38.48	22.2475	856.037
38.52	22.2475	856.927
38.56	22.2475	857.817
38.6	22.2475	858.707
38.64	22.2475	859.597
38.68	22.2475	860.487
38.72	22.2475	861.377
38.76	22.2475	862.266
38.8	22.2475	863.156
38.84	22.2475	864.046
38.88	22.2475	864.936
38.92	22.2475	865.826
38.96	22.2475	866.716
39	22.2475	867.606
39.04	22.2475	868.495
39.08	22.2475	869.385
39.12	22.2475	870.275
39.16	22.2475	871.165
39.2	22.2475	872.055
39.24	22.2475	872.945
39.28	22.2475	873.834
39.32	22.2475	874.724
39.36	22.2475	875.614
39.4	22.2475	876.504
39.44	22.2475	877.394
39.48	22.2475	878.284
39.52	22.2475	879.174
39.56	22.2475	880.063
39.6	22.2475	880.953
39.64	22.2475	881.843
39.68	22.2475	882.733
39.72	22.2475	883.623
39.76	22.2475	884.513
39.8	22.2475	885.403
39.84	22.2475	886.292
39.88	22.2475	887.182
39.92	22.2475	888.072
39.96	22.2475	888.962
40	22.2475	889.852
40.04	22.2475	890.742
40.08	22.2475	891.632
40.12	22.2475	892.521
40.16	22.2475	893.411
40.2	22.2475	894.301
40.24	22.2475	895.191
40.28	22.2475	896.081
40.32	22.2475	896.971
40.36	22.2475	897.86
40.4	22.2475	898.75
40.44	22.2475	899.64
40.48	22.2475	900.53
40.52	22.2475	901.42
40.56	22.2475	902.31
40.6	22.2475	903.2
40.64	22.2475	904.089
40.68	22.2475	904.979
40.72	22.2475	905.869
40.76	22.2475	906.759
40.8	22.2475	907.649
40.84	22.2475	908.539
40.88	22.2475	909.429
40.92	22.2475	910.318
40.96	22.2475	911.208
41	22.2475	912.098
41.04	22.2475	912.988
41.08	22.2475	913.878
41.12	22.2475	914.768
41.16	22.2475	915.658
41.2	22.2475	916.547
41.24	22.2475	917.437
41.28	22.2475	918.327
41.32	22.2475	919.217
41.36	22.2475	920.107
41.4	22.2475	920.997
41.44	22.2475	921.886
41.48	22.2475	922.776
41.52	22.2475	923.666
41.56	22.2475	924.556
41.6	22.2475	925.446
41.64	22.2475	926.336
41.68	22.2475	927.226
41.72	22.2475	928.115
41.76	22.2475	929.005
41.8	22.2475	929.895
41.84	22.2475	930.785
41.88	22.2475	931.675
41.92	22.2475	932.565
41.96	22.2475	933.455
42	22.2475	934.344
42.04	22.2475	935.234
42.08	22.2475	936.124
42.12	22.2475	937.014
42.16	22.2475	937.904
42.2	22.2475	938.794
42.24	22.2475	939.684
42.28	22.2475	940.573
42.32	22.2475	941.463
42.36	22.2475	942.353
42.4	22.2475	943.243
42.44	22.2475	944.133
42.48	22.2475	945.023
42.52	22.2475	945.912
42.56	22.2475	946.802
42.6	22.2475	947.692
42.64	22.2475	948.582
42.68	22.2475	949.472
42.72	22.2475	950.362
42.76	22.2475	951.252
42.8	22.2475	952.141
42.84	22.2475	953.031
42.88	22.2475	953.921
42.92	22.2475	954.811
42.96	22.2475	955.701
43	22.2475	956.591
43.04	22.2475	957.481
43.08	22.2475	958.37
43.12	22.2475	959.26
43.16	22.2475	960.15
43.2	22.2475	961.04
43.24	22.2475	961.93
43.28	22.2475	962.82
43.32	22.2475	963.709
43.36	22.2475	964.599
43.4	22.2475	965.489
43.44	22.2475	966.379
43.48	22.2475	967.269
43.52	22.2475	968.159
43.56	22.2475	969.049
43.6	22.2475	969.938
43.64	22.2475	970.828
43.68	22.2475	971.718
43.72	22.2475	972.608
43.76	22.2475	973.498
43.8	22.2475	974.388
43.84	22.2475	975.278
43.88	22.2475	976.167
43.92	22.2475	977.057
43.96	22.2475	977.947
44	22.2475	978.837
44.04	22.2475	979.727
44.08	22.2475	980.617
44.12	22.2475	981.507
44.16	22.2475	982.396
44.2	22.2475	983.286
44.24	22.2475	984.176
44.28	22.2475	985.066
44.32	22.2475	985.956
44.36	22.2475	986.846
44.4	22.2475	987.735
44.44	22.2475	988.625
44.48	22.2475	989.515
44.52	22.2475	990.405
44.56	22.2475	991.295
44.6	22.2475	992.185
44.64	22.2475	993.075
44.68	22.2475	993.964
44.72	22.2475	994.854
44.76	22.2475	995.744
44.8	22.2475	996.634
44.84	22.2475	997.524
44.88	22.2475	998.414
44.92	22.2475	999.304
44.96	22.2475	1000.19
45	22.2475	1001.08
45.04	22.2475	1001.97
45.08	22.2475	1002.86
45.12	22.2475	1003.75
45.16	22.2475	1004.64
45.2	22.2475	1005.53
45.24	22.2475	1006.42
45.28	22.2475	1007.31
45.32	22.2475	1008.2
45.36	22.2475	1009.09
45.4	22.2475	1009.98
45.44	22.2475	1010.87
45.48	22.2475	1011.76
45.52	22.2475	1012.65
45.56	22.2475	1013.54
45.6	22.2475	1014.43
45.64	22.2475	1015.32
45.68	22.2475	1016.21
45.72	22.2475	1017.1
45.76	22.2475	1017.99
45.8	22.2475	1018.88
45.84	22.2475	1019.77
45.88	22.2475	1020.66
45.92	22.2475	1021.55
45.96	22.2475	1022.44
46	22.2475	1023.33
46.04	22.2475	1024.22
46.08	22.2475	1025.11
46.12	22.2475	1026
46.16	22.2475	1026.89
46.2	22.2475	1027.78
46.24	22.2475	1028.67
46.28	22.2475	1029.56
46.32	22.2475	1030.45
46.36	22.2475	1031.34
46.4	22.2475	1032.23
46.44	22.2475	1033.12
46.48	22.2475	1034.01
46.52	22.2475	1034.9
46.56	22.2475	1035.79
46.6	22.2475	1036.68
46.64	22.2475	1037.57
46.68	22.2475	1038.46
46.72	22.2475	1039.35
46.76	22.2475	1040.24
46.8	22.2475	1041.13
46.84	22.2475	1042.02
46.88	22.2475	1042.91
46.92	22.2475	1043.8
46.96	22.2475	1044.69
47	22.2475	1045.58
47.04	22.2475	1046.47
47.08	22.2475	1047.36
47.12	22.2475	1048.25
47.16	22.2475	1049.14
47.2	22.2475	1050.03
47.24	22.2475	1050.91
47.28	22.2475	1051.8
47.32	22.2475	1052.69
47.36	22.2475	1053.58
47.4	22.2475	1054.47
47.44	22.2475	1055.36
47.48	22.2475	1056.25
47.52	22.2475	1057.14
47.56	22.2475	1058.03
47.6	22.2475	1058.92
47.64	22.2475	1059.81
47.68	22.2475	1060.7
47.72	22.2475	1061.59
47.76	22.2475	1062.48
47.8	22.2475	1063.37
47.84	22.2475	1064.26
47.88	22.2475	1065.15
47.92	22.2475	1066.04
47.96	22.2475	1066.93
48	22.2475	1067.82
48.04	22.2475	1068.71
48.08	22.2475	1069.6
48.12	22.2475	1070.49
48.16	22.2475	1071.38
48.2	22.2475	1072.27
48.24	22.2475	1073.16
48.28	22.2475	1074.05
48.32	22.2475	1074.94
48.36	22.2475	1075.83
48.4	22.2475	1076.72
48.44	22.2475	1077.61
48.48	22.2475	1078.5
48.52	22.2475	1079.39
48.56	22.2475	1080.28
48.6	22.2475	1081.17
48.64	22.2475	1082.06
48.68	22.2475	1082.95
48.72	22.2475	1083.84
48.76	22.2475	1084.73
48.8	22.2475	1085.62
48.84	22.2475	1086.51
48.88	22.2475	1087.4
48.92	22.2475	1088.29
48.96	22.2475	1089.18
49	22.2475	1090.07
49.04	22.2475	1090.96
49.08	22.2475	1091.85
49.12	22.2475	1092.74
49.16	22.2475	1093.63
49.2	22.2475	1094.52
49.24	22.2475	1095.41
49.28	22.2475	1096.3
49.32	22.2475	1097.19
49.36	22.2475	1098.08
49.4	22.2475	1098.97
49.44	22.2475	1099.86
49.48	22.2475	1100.75
49.52	22.2475	1101.64
49.56	22.2475	1102.53
49.6	22.2475	1103.42
49.64	22.2475	1104.31
49.68	22.2475	1105.2
49.72	22.2475	1106.09
49.76	22.2475	1106.98
49.8	22.2475	1107.87
49.84	22.2475	1108.76
49.88	22.2475	1109.65
49.92	22.2475	1110.54
49.96	22.2475	1111.42
50	22.2475	1112.31
50.04	22.2475	1113.2
50.08	22.2475	1114.09
50.12	22.2475	1114.98
50.16	22.2475	1115.87
50.2	22.2475	1116.76
50.24	22.2475	1117.65
50.28	22.2475	1118.54
50.32	22.2475	1119.43
50.36	22.2475	1120.32
50.4	22.2475	1121.21
50.44	22.2475	1122.1
50.48	22.2475	1122.99
50.52	22.2475	1123.88
50.56	22.2475	1124.77
50.6	22.2475	1125.66
50.64	22.2475	1126.55
50.68	22.2475	1127.44
50.72	22.2475	1128.33
50.76	22.2475	1129.22
50.8	22.2475	1130.11
50.84	22.2475	1131
50.88	22.2475	1131.89
50.92	22.2475	1132.78
50.96	22.2475	1133.67
51	22.2475	1134.56
51.04	22.2475	1135.45
51.08	22.2475	1136.34
51.12	22.2475	1137.23
51.16	22.2475	1138.12
51.2	22.2475	1139.01
51.24	22.2475	1139.9
51.28	22.2475	1140.79
51.32	22.2475	1141.68
51.36	22.2475	1142.57
51.4	22.2475	1143.46
51.44	22.2475	1144.35
51.48	22.2475	1145.24
51.52	22.2475	1146.13
51.56	22.2475	1147.02
51.6	22.2475	1147.91
51.64	22.2475	1148.8
51.68	22.2475	1149.69
51.72	22.2475	1150.58
51.76	22.2475	1151.47
51.8	22.2475	1152.36
51.84	22.2475	1153.25
51.88	22.2475	1154.14
51.92	22.2475	1155.03
51.96	22.2475	1155.92
52	22.2475	1156.81
52.04	22.2475	1157.7
52.08	22.2475	1158.59
52.12	22.2475	1159.48
52.16	22.2475	1160.37
52.2	22.2475	1161.26
52.24	22.2475	1162.15
52.28	22.2475	1163.04
52.32	22.2475	1163.93
52.36	22.2475	1164.82
52.4	22.2475	1165.71
52.44	22.2475	1166.6
52.48	22.2475	1167.49
52.52	22.2475	1168.38
52.56	22.2475	1169.27
52.6	22.2475	1170.16
52.64	22.2475	1171.04
52.68	22.2475	1171.93
52.72	22.2475	1172.82
52.76	22.2475	1173.71
52.8	22.2475	1174.6
52.84	22.2475	1175.49
52.88	22.2475	1176.38
52.92	22.2475	1177.27
52.96	22.2475	1178.16
53	22.2475	1179.05
53.04	22.2475	1179.94
53.08	22.2475	1180.83
53.12	22.2475	1181.72
53.16	22.2475	1182.61
53.2	22.2475	1183.5
53.24	22.2475	1184.39
53.28	22.2475	1185.28
53.32	22.2475	1186.17
53.36	22.2475	1187.06
53.4	22.2475	1187.95
53.44	22.2475	1188.84
53.48	22.2475	1189.73
53.52	22.2475	1190.62
53.56	22.2475	1191.51
53.6	22.2475	1192.4
53.64	22.2475	1193.29
53.68	22.2475	1194.18
53.72	22.2475	1195.07
53.76	22.2475	1195.96
53.8	22.2475	1196.85
53.84	22.2475	1197.74
53.88	22.2475	1198.63
53.92	22.2475	1199.52
53.96	22.2475	1200.41
54	22.2475	1201.3
54.04	22.2475	1202.19
54.08	22.2475	1203.08
54.12	22.2475	1203.97
54.16	22.2475	1204.86
54.2	22.2475	1205.75
54.24	22.2475	1206.64
54.28	22.2475	1207.53
54.32	22.2475	1208.42
54.36	22.2475	1209.31
54.4	22.2475	1210.2
54.44	22.2475	1211.09
54.48	22.2475	1211.98
54.52	22.2475	1212.87
54.56	22.2475	1213.76
54.6	22.2475	1214.65
54.64	22.2475	1215.54
54.68	22.2475	1216.43
54.72	22.2475	1217.32
54.76	22.2475	1218.21
54.8	22.2475	1219.1
54.84	22.2475	1219.99
54.88	22.2475	1220.88
54.92	22.2475	1221.77
54.96	22.2475	1222.66
55	22.2475	1223.55
55.04	22.2475	1224.44
55.08	22.2475	1225.33
55.12	22.2475	1226.22
55.16	22.2475	1227.11
55.2	22.2475	1228
55.24	22.2475	1228.89
55.28	22.2475	1229.78
55.32	22.2475	1230.67
55.36	22.2475	1231.55
55.4	22.2475	1232.44
55.44	22.2475	1233.33
55.48	22.2475	1234.22
55.52	22.2475	1235.11
55.56	22.2475	1236
55.6	22.2475	1236.89
55.64	22.2475	1237.78
55.68	22.2475	1238.67
55.72	22.2475	1239.56
55.76	22.2475	1240.45
55.8	22.2475	1241.34
55.84	22.2475	1242.23
55.88	22.2475	1243.12
55.92	22.2475	1244.01
55.96	22.2475	1244.9
56	22.2475	1245.79
56.04	22.2475	1246.68
56.08	22.2475	1247.57
56.12	22.2475	1248.46
56.16	22.2475	1249.35
56.2	22.2475	1250.24
56.24	22.2475	1251.13
56.28	22.2475	1252.02
56.32	22.2475	1252.91
56.36	22.2475	1253.8
56.4	22.2475	1254.69
56.44	22.2475	1255.58
56.48	22.2475	1256.47
56.52	22.2475	1257.36
56.56	22.2475	1258.25
56.6	22.2475	1259.14
56.64	22.2475	1260.03
56.68	22.2475	1260.92
56.72	22.2475	1261.81
56.76	22.2475	1262.7
56.8	22.2475	1263.59
56.84	22.2475	1264.48
56.88	22.2475	1265.37
56.92	22.2475	1266.26
56.96	22.2475	1267.15
57	22.2475	1268.04
57.04	22.2475	1268.93
57.08	22.2475	1269.82
57.12	22.2475	1270.71
57.16	22.2475	1271.6
57.2	22.2475	1272.49
57.24	22.2475	1273.38
57.28	22.2475	1274.27
57.32	22.2475	1275.16
57.36	22.2475	1276.05
57.4	22.2475	1276.94
57.44	22.2475	1277.83
57.48	22.2475	1278.72
57.52	22.2475	1279.61
57.56	22.2475	1280.5
57.6	22.2475	1281.39
57.64	22.2475	1282.28
57.68	22.2475	1283.17
57.72	22.2475	1284.06
57.76	22.2475	1284.95
57.8	22.2475	1285.84
57.84	22.2475	1286.73
57.88	22.2475	1287.62
57.92	22.2475	1288.51
57.96	22.2475	1289.4
58	22.2475	1290.29
58.04	22.2475	1291.17
58.08	22.2475	1292.06
58.12	22.2475	1292.95
58.16	22.2475	1293.84
58.2	22.2475	1294.73
58.24	22.2475	1295.62
58.28	22.2475	1296.51
58.32	22.2475	1297.4
58.36	22.2475	1298.29
58.4	22.2475	1299.18
58.44	22.2475	1300.07
58.48	22.2475	1300.96
58.52	22.2475	1301.85
58.56	22.2475	1302.74
58.6	22.2475	1303.63
58.64	22.2475	1304.52
58.68	22.2475	1305.41
58.72	22.2475	1306.3
58.76	22.2475	1307.19
58.8	22.2475	1308.08
58.84	22.2475	1308.97
58.88	22.2475	1309.86
58.92	22.2475	1310.75
58.96	22.2475	1311.64
59	22.2475	1312.53
59.04	22.2475	1313.42
59.08	22.2475	1314.31
59.12	22.2475	1315.2
59.16	22.2475	1316.09
59.2	22.2475	1316.98
59.24	22.2475	1317.87
59.28	22.2475	1318.76
59.32	22.2475	1319.65
59.36	22.2475	1320.54
59.4	22.2475	1321.43
59.44	22.2475	1322.32
59.48	22.2475	1323.21
59.52	22.2475	1324.1
59.56	22.2475	1324.99
59.6	22.2475	1325.88
59.64	22.2475	1326.77
59.68	22.2475	1327.66
59.72	22.2475	1328.55
59.76	22.2475	1329.44
59.8	22.2475	1330.33
59.84	22.2475	1331.22
59.88	22.2475	1332.11
59.92	22.2475	1333
59.96	22.2475	1333.89
60	22.2475	1334.78
60.04	22.2475	1335.67
60.08	22.2475	1336.56
60.12	22.2475	1337.45
60.16	22.2475	1338.34
60.2	22.2475	1339.23
60.24	22.2475	1340.12
60.28	22.2475	1341.01
60.32	22.2475	1341.9
60.36	22.2475	1342.79
60.4	22.2475	1343.68
60.44	22.2475	1344.57
60.48	22.2475	1345.46
60.52	22.2475	1346.35
60.56	22.2475	1347.24
60.6	22.2475	1348.13
60.64	22.2475	1349.02
60.68	22.2475	1349.91
60.72	22.2475	1350.8
60.76	22.2475	1351.68
60.8	22.2475	1352.57
60.84	22.2475	1353.46
60.88	22.2475	1354.35
60.92	22.2475	1355.24
60.96	22.2475	1356.13
61	22.2475	1357.02
61.04	22.2475	1357.91
61.08	22.2475	1358.8
61.12	22.2475	1359.69
61.16	22.2475	1360.58
61.2	22.2475	1361.47
61.24	22.2475	1362.36
61.28	22.2475	1363.25
61.32	22.2475	1364.14
61.36	22.2475	1365.03
61.4	22.2475	1365.92
61.44	22.2475	1366.81
61.48	22.2475	1367.7
61.52	22.2475	1368.59
61.56	22.2475	1369.48
61.6	22.2475	1370.37
61.64	22.2475	1371.26
61.68	22.2475	1372.15
61.72	22.2475	1373.04
61.76	22.2475	1373.93
61.8	22.2475	1374.82
61.84	22.2475	1375.71
61.88	22.2475	1376.6
61.92	22.2475	1377.49
61.96	22.2475	1378.38
62	22.2475	1379.27
62.04	22.2475	1380.16
62.08	22.2475	1381.05
62.12	22.2475	1381.94
62.16	22.2475	1382.83
62.2	22.2475	1383.72
62.24	22.2475	1384.61
62.28	22.2475	1385.5
62.32	22.2475	1386.39
62.36	22.2475	1387.28
62.4	22.2475	1388.17
62.44	22.2475	1389.06
62.48	22.2475	1389.95
62.52	22.2475	1390.84
62.56	22.2475	1391.73
62.6	22.2475	1392.62
62.64	22.2475	1393.51
62.68	22.2475	1394.4
62.72	22.2475	1395.29
62.76	22.2475	1396.18
62.8	22.2475	1397.07
62.84	22.2475	1397.96
62.88	22.2475	1398.85
62.92	22.2475	1399.74
62.96	22.2475	1400.63
63	22.2475	1401.52
63.04	22.2475	1402.41
63.08	22.2475	1403.3
63.12	22.2475	1404.19
63.16	22.2475	1405.08
63.2	22.2475	1405.97
63.24	22.2475	1406.86
63.28	22.2475	1407.75
63.32	22.2475	1408.64
63.36	22.2475	1409.53
63.4	22.2475	1410.42
63.44	22.2475	1411.3
63.48	22.2475	1412.19
63.52	22.2475	1413.08
63.56	22.2475	1413.97
63.6	22.2475	1414.86
63.64	22.2475	1415.75
63.68	22.2475	1416.64
63.72	22.2475	1417.53
63.76	22.2475	1418.42
63.8	22.2475	1419.31
63.84	22.2475	1420.2
63.88	22.2475	1421.09
63.92	22.2475	1421.98
63.96	22.2475	1422.87
64	22.2475	1423.76
64.04	22.2475	1424.65
64.08	22.2475	1425.54
64.12	22.2475	1426.43
64.16	22.2475	1427.32
64.2	22.2475	1428.21
64.24	22.2475	1429.1
64.28	22.2475	1429.99
64.32	22.2475	1430.88
64.36	22.2475	1431.77
64.4	22.2475	1432.66
64.44	22.2475	1433.55
64.48	22.2475	1434.44
64.52	22.2475	1435.33
64.56	22.2475	1436.22
64.6	22.2475	1437.11
64.64	22.2475	1438
64.68	22.2475	1438.89
64.72	22.2475	1439.78
64.76	22.2475	1440.67
64.8	22.2475	1441.56
64.84	22.2475	1442.45
64.88	22.2475	1443.34
64.92	22.2475	1444.23
64.96	22.2475	1445.12
65	22.2475	1446.01
65.04	22.2475	1446.9
65.08	22.2475	1447.79
65.12	22.2475	1448.68
65.16	22.2475	1449.57
65.2	22.2475	1450.46
65.24	22.2475	1451.35
65.28	22.2475	1452.24
65.32	22.2475	1453.13
65.36	22.2475	1454.02
65.4	22.2475	1454.91
65.44	22.2475	1455.8
65.48	22.2475	1456.69
65.52	22.2475	1457.58
65.56	22.2475	1458.47
65.6	22.2475	1459.36
65.64	22.2475	1460.25
65.68	22.2475	1461.14
65.72	22.2475	1462.03
65.76	22.2475	1462.92
65.8	22.2475	1463.81
65.84	22.2475	1464.7
65.88	22.2475	1465.59
65.92	22.2475	1466.48
65.96	22.2475	1467.37
66	22.2475	1468.26
66.04	22.2475	1469.15
66.08	22.2475	1470.04
66.12	22.2475	1470.93
66.16	22.2475	1471.81
66.2	22.2475	1472.7
66.24	22.2475	1473.59
66.28	22.2475	1474.48
66.32	22.2475	1475.37
66.36	22.2475	1476.26
66.4	22.2475	1477.15
66.44	22.2475	1478.04
66.48	22.2475	1478.93
66.52	22.2475	1479.82
66.56	22.2475	1480.71
66.6	22.2475	1481.6
66.64	22.2475	1482.49
66.68	22.2475	1483.38
66.72	22.2475	1484.27
66.76	22.2475	1485.16
66.8	22.2475	1486.05
66.84	22.2475	1486.94
66.88	22.2475	1487.83
66.92	22.2475	1488.72
66.96	22.2475	1489.61
67	22.2475	1490.5
67.04	22.2475	1491.39
67.08	22.2475	1492.28
67.12	22.2475	1493.17
67.16	22.2475	1494.06
67.2	22.2475	1494.95
67.24	22.2475	1495.84
67.28	22.2475	1496.73
67.32	22.2475	1497.62
67.36	22.2475	1498.51
67.4	22.2475	1499.4
67.44	22.2475	1500.29
67.48	22.2475	1501.18
67.52	22.2475	1502.07
67.56	22.2475	1502.96
67.6	22.2475	1503.85
67.64	22.2475	1504.74
67.68	22.2475	1505.63
67.72	22.2475	1506.52
67.76	22.2475	1507.41
67.8	22.2475	1508.3
67.84	22.2475	1509.19
67.88	22.2475	1510.08
67.92	22.2475	1510.97
67.96	22.2475	1511.86
68	22.2475	1512.75
68.04	22.2475	1513.64
68.08	22.2475	1514.53
68.12	22.2475	1515.42
68.16	22.2475	1516.31
68.2	22.2475	1517.2
68.24	22.2475	1518.09
68.28	22.2475	1518.98
68.32	22.2475	1519.87
68.36	22.2475	1520.76
68.4	22.2475	1521.65
68.44	22.2475	1522.54
68.48	22.2475	1523.43
68.52	22.2475	1524.32
68.56	22.2475	1525.21
68.6	22.2475	1526.1
68.64	22.2475	1526.99
68.68	22.2475	1527.88
68.72	22.2475	1528.77
68.76	22.2475	1529.66
68.8	22.2475	1530.55
68.84	22.2475	1531.43
68.88	22.2475	1532.32
68.92	22.2475	1533.21
68.96	22.2475	1534.1
69	22.2475	1534.99
69.04	22.2475	1535.88
69.08	22.2475	1536.77
69.12	22.2475	1537.66
69.16	22.2475	1538.55
69.2	22.2475	1539.44
69.24	22.2475	1540.33
69.28	22.2475	1541.22
69.32	22.2475	1542.11
69.36	22.2475	1543
69.4	22.2475	1543.89
69.44	22.2475	1544.78
69.48	22.2475	1545.67
69.52	22.2475	1546.56
69.56	22.2475	1547.45
69.6	22.2475	1548.34
69.64	22.2475	1549.23
69.68	22.2475	1550.12
69.72	22.2475	1551.01
69.76	22.2475	1551.9
69.8	22.2475	1552.79
69.84	22.2475	1553.68
69.88	22.2475	1554.57
69.92	22.2475	1555.46
69.96	22.2475	1556.35
70	22.2475	1557.24
70.04	22.2475	1558.13
70.08	22.2475	1559.02
70.12	22.2475	1559.91
70.16	22.2475	1560.8
70.2	22.2475	1561.69
70.24	22.2475	1562.58
70.28	22.2475	1563.47
70.32	22.2475	1564.36
70.36	22.2475	1565.25
70.4	22.2475	1566.14
70.44	22.2475	1567.03
70.48	22.2475	1567.92
70.52	22.2475	1568.81
70.56	22.2475	1569.7
70.6	22.2475	1570.59
70.64	22.2475	1571.48
70.68	22.2475	1572.37
70.72	22.2475	1573.26
70.76	22.2475	1574.15
70.8	22.2475	1575.04
70.84	22.2475	1575.93
70.88	22.2475	1576.82
70.92	22.2475	1577.71
70.96	22.2475	1578.6
71	22.2475	1579.49
71.04	22.2475	1580.38
71.08	22.2475	1581.27
71.12	22.2475	1582.16
71.16	22.2475	1583.05
71.2	22.2475	1583.94
71.24	22.2475	1584.83
71.28	22.2475	1585.72
71.32	22.2475	1586.61
71.36	22.2475	1587.5
71.4	22.2475	1588.39
71.44	22.2475	1589.28
71.48	22.2475	1590.17
71.52	22.2475	1591.06
71.56	22.2475	1591.94
71.6	22.2475	1592.83
71.64	22.2475	1593.72
71.68	22.2475	1594.61
71.72	22.2475	1595.5
71.76	22.2475	1596.39
71.8	22.2475	1597.28
71.84	22.2475	1598.17
71.88	22.2475	1599.06
71.92	22.2475	1599.95
71.96	22.2475	1600.84
72	22.2475	1601.73
72.04	22.2475	1602.62
72.08	22.2475	1603.51
72.12	22.2475	1604.4
72.16	22.2475	1605.29
72.2	22.2475	1606.18
72.24	22.2475	1607.07
72.28	22.2475	1607.96
72.32	22.2475	1608.85
72.36	22.2475	1609.74
72.4	22.2475	1610.63
72.44	22.2475	1611.52
72.48	22.2475	1612.41
72.52	22.2475	1613.3
72.56	22.2475	1614.19
72.6	22.2475	1615.08
72.64	22.2475	1615.97
72.68	22.2475	1616.86
72.72	22.2475	1617.75
72.76	22.2475	1618.64
72.8	22.2475	1619.53
72.84	22.2475	1620.42
72.88	22.2475	1621.31
72.92	22.2475	1622.2
72.96	22.2475	1623.09
73	22.2475	1623.98
73.04	22.2475	1624.87
73.08	22.2475	1625.76
73.12	22.2475	1626.65
73.16	22.2475	1627.54
73.2	22.2475	1628.43
73.24	22.2475	1629.32
73.28	22.2475	1630.21
73.32	22.2475	1631.1
73.36	22.2475	1631.99
73.4	22.2475	1632.88
73.44	22.2475	1633.77
73.48	22.2475	1634.66
73.52	22.2475	1635.55
73.56	22.2475	1636.44
73.6	22.2475	1637.33
73.64	22.2475	1638.22
73.68	22.2475	1639.11
73.72	22.2475	1640
73.76	22.2475	1640.89
73.8	22.2475	1641.78
73.84	22.2475	1642.67
73.88	22.2475	1643.56
73.92	22.2475	1644.45
73.96	22.2475	1645.34
74	22.2475	1646.23
74.04	22.2475	1647.12
74.08	22.2475	1648.01
74.12	22.2475	1648.9
74.16	22.2475	1649.79
74.2	22.2475	1650.68
74.24	22.2475	1651.56
74.28	22.2475	1652.45
74.32	22.2475	1653.34
74.36	22.2475	1654.23
74.4	22.2475	1655.12
74.44	22.2475	1656.01
74.48	22.2475	1656.9
74.52	22.2475	1657.79
74.56	22.2475	1658.68
74.6	22.2475	1659.57
74.64	22.2475	1660.46
74.68	22.2475	1661.35
74.72	22.2475	1662.24
74.76	22.2475	1663.13
74.8	22.2475	1664.02
74.84	22.2475	1664.91
74.88	22.2475	1665.8
74.92	22.2475	1666.69
74.96	22.2475	1667.58
75	22.2475	1668.47
75.04	22.2475	1669.36
75.08	22.2475	1670.25
75.12	22.2475	1671.14
75.16	22.2475	1672.03
75.2	22.2475	1672.92
75.24	22.2475	1673.81
75.28	22.2475	1674.7
75.32	22.2475	1675.59
75.36	22.2475	1676.48
75.4	22.2475	1677.37
75.44	22.2475	1678.26
75.48	22.2475	1679.15
75.52	22.2475	1680.04
75.56	22.2475	1680.93
75.6	22.2475	1681.82
75.64	22.2475	1682.71
75.68	22.2475	1683.6
75.72	22.2475	1684.49
75.76	22.2475	1685.38
75.8	22.2475	1686.27
75.84	22.2475	1687.16
75.88	22.2475	1688.05
75.92	22.2475	1688.94
75.96	22.2475	1689.83
76	22.2475	1690.72
76.04	22.2475	1691.61
76.08	22.2475	1692.5
76.12	22.2475	1693.39
76.16	22.2475	1694.28
76.2	22.2475	1695.17
76.24	22.2475	1696.06
76.28	22.2475	1696.95
76.32	22.2475	1697.84
76.36	22.2475	1698.73
76.4	22.2475	1699.62
76.44	22.2475	1700.51
76.48	22.2475	1701.4
76.52	22.2475	1702.29
76.56	22.2475	1703.18
76.6	22.2475	1704.07
76.64	22.2475	1704.96
76.68	22.2475	1705.85
76.72	22.2475	1706.74
76.76	22.2475	1707.63
76.8	22.2475	1708.52
76.84	22.2475	1709.41
76.88	22.2475	1710.3
76.92	22.2475	1711.19
76.96	22.2475	1712.07
77	22.2475	1712.96
77.04	22.2475	1713.85
77.08	22.2475	1714.74
77.12	22.2475	1715.63
77.16	22.2475	1716.52
77.2	22.2475	1717.41
77.24	22.2475	1718.3
77.28	22.2475	1719.19
77.32	22.2475	1720.08
77.36	22.2475	1720.97
77.4	22.2475	1721.86
77.44	22.2475	1722.75
77.48	22.2475	1723.64
77.52	22.2475	1724.53
77.56	22.2475	1725.42
77.6	22.2475	1726.31
77.64	22.2475	1727.2
77.68	22.2475	1728.09
77.72	22.2475	1728.98
77.76	22.2475	1729.87
77.8	22.2475	1730.76
77.84	22.2475	1731.65
77.88	22.2475	1732.54
77.92	22.2475	1733.43
77.96	22.2475	1734.32
78	22.2475	1735.21
78.04	22.2475	1736.1
78.08	22.2475	1736.99
78.12	22.2475	1737.88
78.16	22.2475	1738.77
78.2	22.2475	1739.66
78.24	22.2475	1740.55
78.28	22.2475	1741.44
78.32	22.2475	1742.33
78.36	22.2475	1743.22
78.4	22.2475	1744.11
78.44	22.2475	1745
78.48	22.2475	1745.89
78.52	22.2475	1746.78
78.56	22.2475	1747.67
78.6	22.2475	1748.56
78.64	22.2475	1749.45
78.68	22.2475	1750.34
78.72	22.2475	1751.23
78.76	22.2475	1752.12
78.8	22.2475	1753.01
78.84	22.2475	1753.9
78.88	22.2475	1754.79
78.92	22.2475	1755.68
78.96	22.2475	1756.57
79	22.2475	1757.46
79.04	22.2475	1758.35
79.08	22.2475	1759.24
79.12	22.2475	1760.13
79.16	22.2475	1761.02
79.2	22.2475	1761.91
79.24	22.2475	1762.8
79.28	22.2475	1763.69
79.32	22.2475	1764.58
79.36	22.2475	1765.47
79.4	22.2475	1766.36
79.44	22.2475	1767.25
79.48	22.2475	1768.14
79.52	22.2475	1769.03
79.56	22.2475	1769.92
79.6	22.2475	1770.81
79.64	22.2475	1771.69
79.68	22.2475	1772.58
79.72	22.2475	1773.47
79.76	22.2475	1774.36
79.8	22.2475	1775.25
79.84	22.2475	1776.14
79.88	22.2475	1777.03
79.92	22.2475	1777.92
79.96	22.2475	1778.81
80	22.2475	1779.7
80.04	22.2475	1780.59
80.08	22.2475	1781.48
80.12	22.2475	1782.37
80.16	22.2475	1783.26
80.2	22.2475	1784.15
80.24	22.2475	1785.04
80.28	22.2475	1785.93
80.32	22.2475	1786.82
80.36	22.2475	1787.71
80.4	22.2475	1788.6
80.44	22.2475	1789.49
80.48	22.2475	1790.38
80.52	22.2475	1791.27
80.56	22.2475	1792.16
80.6	22.2475	1793.05
80.64	22.2475	1793.94
80.68	22.2475	1794.83
80.72	22.2475	1795.72
80.76	22.2475	1796.61
80.8	22.2475	1797.5
80.84	22.2475	1798.39
80.88	22.2475	1799.28
80.92	22.2475	1800.17
80.96	22.2475	1801.06
81	22.2475	1801.95
81.04	22.2475	1802.84
81.08	22.2475	1803.73
81.12	22.2475	1804.62
81.16	22.2475	1805.51
81.2	22.2475	1806.4
81.24	22.2475	1807.29
81.28	22.2475	1808.18
81.32	22.2475	1809.07
81.36	22.2475	1809.96
81.4	22.2475	1810.85
81.44	22.2475	1811.74
81.48	22.2475	1812.63
81.52	22.2475	1813.52
81.56	22.2475	1814.41
81.6	22.2475	1815.3
81.64	22.2475	1816.19
81.68	22.2475	1817.08
81.72	22.2475	1817.97
81.76	22.2475	1818.86
81.8	22.2475	1819.75
81.84	22.2475	1820.64
81.88	22.2475	1821.53
81.92	22.2475	1822.42
81.96	22.2475	1823.31
82	22.2475	1824.2
82.04	22.2475	1825.09
82.08	22.2475	1825.98
82.12	22.2475	1826.87
82.16	22.2475	1827.76
82.2	22.2475	1828.65
82.24	22.2475	1829.54
82.28	22.2475	1830.43
82.32	22.2475	1831.32
82.36	22.2475	1832.2
82.4	22.2475	1833.09
82.44	22.2475	1833.98
82.48	22.2475	1834.87
82.52	22.2475	1835.76
82.56	22.2475	1836.65
82.6	22.2475	1837.54
82.64	22.2475	1838.43
82.68	22.2475	1839.32
82.72	22.2475	1840.21
82.76	22.2475	1841.1
82.8	22.2475	1841.99
82.84	22.2475	1842.88
82.88	22.2475	1843.77
82.92	22.2475	1844.66
82.96	22.2475	1845.55
83	22.2475	1846.44
83.04	22.2475	1847.33
83.08	22.2475	1848.22
83.12	22.2475	1849.11
83.16	22.2475	1850
83.2	22.2475	1850.89
83.24	22.2475	1851.78
83.28	22.2475	1852.67
83.32	22.2475	1853.56
83.36	22.2475	1854.45
83.4	22.2475	1855.34
83.44	22.2475	1856.23
83.48	22.2475	1857.12
83.52	22.2475	1858.01
83.56	22.2475	1858.9
83.6	22.2475	1859.79
83.64	22.2475	1860.68
83.68	22.2475	1861.57
83.72	22.2475	1862.46
83.76	22.2475	1863.35
83.8	22.2475	1864.24
83.84	22.2475	1865.13
83.88	22.2475	1866.02
83.92	22.2475	1866.91
83.96	22.2475	1867.8
84	22.2475	1868.69
84.04	22.2475	1869.58
84.08	22.2475	1870.47
84.12	22.2475	1871.36
84.16	22.2475	1872.25
84.2	22.2475	1873.14
84.24	22.2475	1874.03
84.28	22.2475	1874.92
84.32	22.2475	1875.81
84.36	22.2475	1876.7
84.4	22.2475	1877.59
84.44	22.2475	1878.48
84.48	22.2475	1879.37
84.52	22.2475	1880.26
84.56	22.2475	1881.15
84.6	22.2475	1882.04
84.64	22.2475	1882.93
84.68	22.2475	1883.82
84.72	22.2475	1884.71
84.76	22.2475	1885.6
84.8	22.2475	1886.49
84.84	22.2475	1887.38
84.88	22.2475	1888.27
84.92	22.2475	1889.16
84.96	22.2475	1890.05
85	22.2475	1890.94
85.04	22.2475	1891.82
85.08	22.2475	1892.71
85.12	22.2475	1893.6
85.16	22.2475	1894.49
85.2	22.2475	1895.38
85.24	22.2475	1896.27
85.28	22.2475	1897.16
85.32	22.2475	1898.05
85.36	22.2475	1898.94
85.4	22.2475	1899.83
85.44	22.2475	1900.72
85.48	22.2475	1901.61
85.52	22.2475	1902.5
85.56	22.2475	1903.39
85.6	22.2475	1904.28
85.64	22.2475	1905.17
85.68	22.2475	1906.06
85.72	22.2475	1906.95
85.76	22.2475	1907.84
85.8	22.2475	1908.73
85.84	22.2475	1909.62
85.88	22.2475	1910.51
85.92	22.2475	1911.4
85.96	22.2475	1912.29
86	22.2475	1913.18
86.04	22.2475	1914.07
86.08	22.2475	1914.96
86.12	22.2475	1915.85
86.16	22.2475	1916.74
86.2	22.2475	1917.63
86.24	22.2475	1918.52
86.28	22.2475	1919.41
86.32	22.2475	1920.3
86.36	22.2475	1921.19
86.4	22.2475	1922.08
86.44	22.2475	1922.97
86.48	22.2475	1923.86
86.52	22.2475	1924.75
86.56	22.2475	1925.64
86.6	22.2475	1926.53
86.64	22.2475	1927.42
86.68	22.2475	1928.31
86.72	22.2475	1929.2
86.76	22.2475	1930.09
86.8	22.2475	1930.98
86.84	22.2475	1931.87
86.88	22.2475	1932.76
86.92	22.2475	1933.65
86.96	22.2475	1934.54
87	22.2475	1935.43
87.04	22.2475	1936.32
87.08	22.2475	1937.21
87.12	22.2475	1938.1
87.16	22.2475	1938.99
87.2	22.2475	1939.88
87.24	22.2475	1940.77
87.28	22.2475	1941.66
87.32	22.2475	1942.55
87.36	22.2475	1943.44
87.4	22.2475	1944.33
87.44	22.2475	1945.22
87.48	22.2475	1946.11
87.52	22.2475	1947
87.56	22.2475	1947.89
87.6	22.2475	1948.78
87.64	22.2475	1949.67
87.68	22.2475	1950.56
87.72	22.2475	1951.44
87.76	22.2475	1952.33
87.8	22.2475	1953.22
87.84	22.2475	1954.11
87.88	22.2475	1955
87.92	22.2475	1955.89
87.96	22.2475	1956.78
88	22.2475	1957.67
88.04	22.2475	1958.56
88.08	22.2475	1959.45
88.12	22.2475	1960.34
88.16	22.2475	1961.23
88.2	22.2475	1962.12
88.24	22.2475	1963.01
88.28	22.2475	1963.9
88.32	22.2475	1964.79
88.36	22.2475	1965.68
88.4	22.2475	1966.57
88.44	22.2475	1967.46
88.48	22.2475	1968.35
88.52	22.2475	1969.24
88.56	22.2475	1970.13
88.6	22.2475	1971.02
88.64	22.2475	1971.91
88.68	22.2475	1972.8
88.72	22.2475	1973.69
88.76	22.2475	1974.58
88.8	22.2475	1975.47
88.84	22.2475	1976.36
88.88	22.2475	1977.25
88.92	22.2475	1978.14
88.96	22.2475	1979.03
89	22.2475	1979.92
89.04	22.2475	1980.81
89.08	22.2475	1981.7
89.12	22.2475	1982.59
89.16	22.2475	1983.48
89.2	22.2475	1984.37
89.24	22.2475	1985.26
89.28	22.2475	1986.15
89.32	22.2475	1987.04
89.36	22.2475	1987.93
89.4	22.2475	1988.82
89.44	22.2475	1989.71
89.48	22.2475	1990.6
89.52	22.2475	1991.49
89.56	22.2475	1992.38
89.6	22.2475	1993.27
89.64	22.2475	1994.16
89.68	22.2475	1995.05
89.72	22.2475	1995.94
89.76	22.2475	1996.83
89.8	22.2475	1997.72
89.84	22.2475	1998.61
89.88	22.2475	1999.5
89.92	22.2475	2000.39
89.96	22.2475	2001.28
90	22.2475	2002.17
90.04	22.2475	2003.06
90.08	22.2475	2003.95
90.12	22.2475	2004.84
90.16	22.2475	2005.73
90.2	22.2475	2006.62
90.24	22.2475	2007.51
90.28	22.2475	2008.4
90.32	22.2475	2009.29
90.36	22.2475	2010.18
90.4	22.2475	2011.07
90.44	22.2475	2011.95
90.48	22.2475	2012.84
90.52	22.2475	2013.73
90.56	22.2475	2014.62
90.6	22.2475	2015.51
90.64	22.2475	2016.4
90.68	22.2475	2017.29
90.72	22.2475	2018.18
90.76	22.2475	2019.07
90.8	22.2475	2019.96
90.84	22.2475	2020.85
90.88	22.2475	2021.74
90.92	22.2475	2022.63
90.96	22.2475	2023.52
91	22.2475	2024.41
91.04	22.2475	2025.3
91.08	22.2475	2026.19
91.12	22.2475	2027.08
91.16	22.2475	2027.97
91.2	22.2475	2028.86
91.24	22.2475	2029.75
91.28	22.2475	2030.64
91.32	22.2475	2031.53
91.36	22.2475	2032.42
91.4	22.2475	2033.31
91.44	22.2475	2034.2
91.48	22.2475	2035.09
91.52	22.2475	2035.98
91.56	22.2475	2036.87
91.6	22.2475	2037.76
91.64	22.2475	2038.65
91.68	22.2475	2039.54
91.72	22.2475	2040.43
91.76	22.2475	2041.32
91.8	22.2475	2042.21
91.84	22.2475	2043.1
91.88	22.2475	2043.99
91.92	22.2475	2044.88
91.96	22.2475	2045.77
92	22.2475	2046.66
92.04	22.2475	2047.55
92.08	22.2475	2048.44
92.12	22.2475	2049.33
92.16	22.2475	2050.22
92.2	22.2475	2051.11
92.24	22.2475	2052
92.28	22.2475	2052.89
92.32	22.2475	2053.78
92.36	22.2475	2054.67
92.4	22.2475	2055.56
92.44	22.2475	2056.45
92.48	22.2475	2057.34
92.52	22.2475	2058.23
92.56	22.2475	2059.12
92.6	22.2475	2060.01
92.64	22.2475	2060.9
92.68	22.2475	2061.79
92.72	22.2475	2062.68
92.76	22.2475	2063.57
92.8	22.2475	2064.46
92.84	22.2475	2065.35
92.88	22.2475	2066.24
92.92	22.2475	2067.13
92.96	22.2475	2068.02
93	22.2475	2068.91
93.04	22.2475	2069.8
93.08	22.2475	2070.69
93.12	22.2475	2071.57
93.16	22.2475	2072.46
93.2	22.2475	2073.35
93.24	22.2475	2074.24
93.28	22.2475	2075.13
93.32	22.2475	2076.02
93.36	22.2475	2076.91
93.4	22.2475	2077.8
93.44	22.2475	2078.69
93.48	22.2475	2079.58
93.52	22.2475	2080.47
93.56	22.2475	2081.36
93.6	22.2475	2082.25
93.64	22.2475	2083.14
93.68	22.2475	2084.03
93.72	22.2475	2084.92
93.76	22.2475	2085.81
93.8	22.2475	2086.7
93.84	22.2475	2087.59
93.88	22.2475	2088.48
93.92	22.2475	2089.37
93.96	22.2475	2090.26
94	22.2475	2091.15
94.04	22.2475	2092.04
94.08	22.2475	2092.93
94.12	22.2475	2093.82
94.16	22.2475	2094.71
94.2	22.2475	2095.6
94.24	22.2475	2096.49
94.28	22.2475	2097.38
94.32	22.2475	2098.27
94.36	22.2475	2099.16
94.4	22.2475	2100.05
94.44	22.2475	2100.94
94.48	22.2475	2101.83
94.52	22.2475	2102.72
94.56	22.2475	2103.61
94.6	22.2475	2104.5
94.64	22.2475	2105.39
94.68	22.2475	2106.28
94.72	22.2475	2107.17
94.76	22.2475	2108.06
94.8	22.2475	2108.95
94.84	22.2475	2109.84
94.88	22.2475	2110.73
94.92	22.2475	2111.62
94.96	22.2475	2112.51
95	22.2475	2113.4
95.04	22.2475	2114.29
95.08	22.2475	2115.18
95.12	22.2475	2116.07
95.16	22.2475	2116.96
95.2	22.2475	2117.85
95.24	22.2475	2118.74
95.28	22.2475	2119.63
95.32	22.2475	2120.52
95.36	22.2475	2121.41
95.4	22.2475	2122.3
95.44	22.2475	2123.19
95.48	22.2475	2124.08
95.52	22.2475	2124.97
95.56	22.2475	2125.86
95.6	22.2475	2126.75
95.64	22.2475	2127.64
95.68	22.2475	2128.53
95.72	22.2475	2129.42
95.76	22.2475	2130.31
95.8	22.2475	2131.2
95.84	22.2475	2132.08
95.88	22.2475	2132.97
95.92	22.2475	2133.86
95.96	22.2475	2134.75
96	22.2475	2135.64
96.04	22.2475	2136.53
96.08	22.2475	2137.42
96.12	22.2475	2138.31
96.16	22.2475	2139.2
96.2	22.2475	2140.09
96.24	22.2475	2140.98
96.28	22.2475	2141.87
96.32	22.2475	2142.76
96.36	22.2475	2143.65
96.4	22.2475	2144.54
96.44	22.2475	2145.43
96.48	22.2475	2146.32
96.52	22.2475	2147.21
96.56	22.2475	2148.1
96.6	22.2475	2148.99
96.64	22.2475	2149.88
96.68	22.2475	2150.77
96.72	22.2475	2151.66
96.76	22.2475	2152.55
96.8	22.2475	2153.44
96.84	22.2475	2154.33
96.88	22.2475	2155.22
96.92	22.2475	2156.11
96.96	22.2475	2157
97	22.2475	2157.89
97.04	22.2475	2158.78
97.08	22.2475	2159.67
97.12	22.2475	2160.56
97.16	22.2475	2161.45
97.2	22.2475	2162.34
97.24	22.2475	2163.23
97.28	22.2475	2164.12
97.32	22.2475	2165.01
97.36	22.2475	2165.9
97.4	22.2475	2166.79
97.44	22.2475	2167.68
97.48	22.2475	2168.57
97.52	22.2475	2169.46
97.56	22.2475	2170.35
97.6	22.2475	2171.24
97.64	22.2475	2172.13
97.68	22.2475	2173.02
97.72	22.2475	2173.91
97.76	22.2475	2174.8
97.8	22.2475	2175.69
97.84	22.2475	2176.58
97.88	22.2475	2177.47
97.92	22.2475	2178.36
97.96	22.2475	2179.25
98	22.2475	2180.14
98.04	22.2475	2181.03
98.08	22.2475	2181.92
98.12	22.2475	2182.81
98.16	22.2475	2183.7
98.2	22.2475	2184.59
98.24	22.2475	2185.48
98.28	22.2475	2186.37
98.32	22.2475	2187.26
98.36	22.2475	2188.15
98.4	22.2475	2189.04
98.44	22.2475	2189.93
98.48	22.2475	2190.82
98.52	22.2475	2191.7
98.56	22.2475	2192.59
98.6	22.2475	2193.48
98.64	22.2475	2194.37
98.68	22.2475	2195.26
98.72	22.2475	2196.15
98.76	22.2475	2197.04
98.8	22.2475	2197.93
98.84	22.2475	2198.82
98.88	22.2475	2199.71
98.92	22.2475	2200.6
98.96	22.2475	2201.49
99	22.2475	2202.38
99.04	22.2475	2203.27
99.08	22.2475	2204.16
99.12	22.2475	2205.05
99.16	22.2475	2205.94
99.2	22.2475	2206.83
99.24	22.2475	2207.72
99.28	22.2475	2208.61
99.32	22.2475	2209.5
99.36	22.2475	2210.39
99.4	22.2475	2211.28
99.44	22.2475	2212.17
99.48	22.2475	2213.06
99.52	22.2475	2213.95
99.56	22.2475	2214.84
99.6	22.2475	2215.73
99.64	22.2475	2216.62
99.68	22.2475	2217.51
99.72	22.2475	2218.4
99.76	22.2475	2219.29
99.8	22.2475	2220.18
99.84	22.2475	2221.07
99.88	22.2475	2221.96
99.92	22.2475	2222.85
99.96	22.2475	2223.74
100	22.2475	2224.63
100.04	22.2475	2225.52
100.08	22.2475	2226.41
100.12	22.2475	2227.3
100.16	22.2475	2228.19
100.2	22.2475	2229.08
100.24	22.2475	2229.97
100.28	22.2475	2230.86
100.32	22.2475	2231.75
100.36	22.2475	2232.64
100.4	22.2475	2233.53
100.44	22.2475	2234.42
100.48	22.2475	2235.31
100.52	22.2475	2236.2
100.56	22.2475	2237.09
100.6	22.2475	2237.98
100.64	22.2475	2238.87
100.68	22.2475	2239.76
100.72	22.2475	2240.65
100.76	22.2475	2241.54
100.8	22.2475	2242.43
100.84	22.2475	2243.32
100.88	22.2475	2244.21
100.92	22.2475	2245.1
100.96	22.2475	2245.99
101	22.2475	2246.88
101.04	22.2475	2247.77
101.08	22.2475	2248.66
101.12	22.2475	2249.55
101.16	22.2475	2250.44
101.2	22.2475	2251.33
101.24	22.2475	2252.21
101.28	22.2475	2253.1
101.32	22.2475	2253.99
101.36	22.2475	2254.88
101.4	22.2475	2255.77
101.44	22.2475	2256.66
101.48	22.2475	2257.55
101.52	22.2475	2258.44
101.56	22.2475	2259.33
101.6	22.2475	2260.22
101.64	22.2475	2261.11
101.68	22.2475	2262
101.72	22.2475	2262.89
101.76	22.2475	2263.78
101.8	22.2475	2264.67
101.84	22.2475	2265.56
101.88	22.2475	2266.45
101.92	22.2475	2267.34
101.96	22.2475	2268.23
102	22.2475	2269.12
102.04	22.2475	2270.01
102.08	22.2475	2270.9
102.12	22.2475	2271.79
102.16	22.2475	2272.68
102.2	22.2475	2273.57
102.24	22.2475	2274.46
102.28	22.2475	2275.35
102.32	22.2475	2276.24
102.36	22.2475	2277.13
102.4	22.2475	2278.02
102.44	22.2475	2278.91
102.48	22.2475	2279.8
102.52	22.2475	2280.69
102.56	22.2475	2281.58
102.6	22.2475	2282.47
102.64	22.2475	2283.36
102.68	22.2475	2284.25
102.72	22.2475	2285.14
102.76	22.2475	2286.03
102.8	22.2475	2286.92
102.84	22.2475	2287.81
102.88	22.2475	2288.7
102.92	22.2475	2289.59
102.96	22.2475	2290.48
103	22.2475	2291.37
103.04	22.2475	2292.26
103.08	22.2475	2293.15
103.12	22.2475	2294.04
103.16	22.2475	2294.93
103.2	22.2475	2295.82
103.24	22.2475	2296.71
103.28	22.2475	2297.6
103.32	22.2475	2298.49
103.36	22.2475	2299.38
103.4	22.2475	2300.27
103.44	22.2475	2301.16
103.48	22.2475	2302.05
103.52	22.2475	2302.94
103.56	22.2475	2303.83
103.6	22.2475	2304.72
103.64	22.2475	2305.61
103.68	22.2475	2306.5
103.72	22.2475	2307.39
103.76	22.2475	2308.28
103.8	22.2475	2309.17
103.84	22.2475	2310.06
103.88	22.2475	2310.95
103.92	22.2475	2311.83
103.96	22.2475	2312.72
104	22.2475	2313.61
104.04	22.2475	2314.5
104.08	22.2475	2315.39
104.12	22.2475	2316.28
104.16	22.2475	2317.17
104.2	22.2475	2318.06
104.24	22.2475	2318.95
104.28	22.2475	2319.84
104.32	22.2475	2320.73
104.36	22.2475	2321.62
104.4	22.2475	2322.51
104.44	22.2475	2323.4
104.48	22.2475	2324.29
104.52	22.2475	2325.18
104.56	22.2475	2326.07
104.6	22.2475	2326.96
104.64	22.2475	2327.85
104.68	22.2475	2328.74
104.72	22.2475	2329.63
104.76	22.2475	2330.52
104.8	22.2475	2331.41
104.84	22.2475	2332.3
104.88	22.2475	2333.19
104.92	22.2475	2334.08
104.96	22.2475	2334.97
105	22.2475	2335.86
105.04	22.2475	2336.75
105.08	22.2475	2337.64
105.12	22.2475	2338.53
105.16	22.2475	2339.42
105.2	22.2475	2340.31
105.24	22.2475	2341.2
105.28	22.2475	2342.09
105.32	22.2475	2342.98
105.36	22.2475	2343.87
105.4	22.2475	2344.76
105.44	22.2475	2345.65
105.48	22.2475	2346.54
105.52	22.2475	2347.43
105.56	22.2475	2348.32
105.6	22.2475	2349.21
105.64	22.2475	2350.1
105.68	22.2475	2350.99
105.72	22.2475	2351.88
105.76	22.2475	2352.77
105.8	22.2475	2353.66
105.84	22.2475	2354.55
105.88	22.2475	2355.44
105.92	22.2475	2356.33
105.96	22.2475	2357.22
106	22.2475	2358.11
106.04	22.2475	2359
106.08	22.2475	2359.89
106.12	22.2475	2360.78
106.16	22.2475	2361.67
106.2	22.2475	2362.56
106.24	22.2475	2363.45
106.28	22.2475	2364.34
106.32	22.2475	2365.23
106.36	22.2475	2366.12
106.4	22.2475	2367.01
106.44	22.2475	2367.9
106.48	22.2475	2368.79
106.52	22.2475	2369.68
106.56	22.2475	2370.57
106.6	22.2475	2371.46
106.64	22.2475	2372.34
106.68	22.2475	2373.23
106.72	22.2475	2374.12
106.76	22.2475	2375.01
106.8	22.2475	2375.9
106.84	22.2475	2376.79
106.88	22.2475	2377.68
106.92	22.2475	2378.57
106.96	22.2475	2379.46
107	22.2475	2380.35
107.04	22.2475	2381.24
107.08	22.2475	2382.13
107.12	22.2475	2383.02
107.16	22.2475	2383.91
107.2	22.2475	2384.8
107.24	22.2475	2385.69
107.28	22.2475	2386.58
107.32	22.2475	2387.47
107.36	22.2475	2388.36
107.4	22.2475	2389.25
107.44	22.2475	2390.14
107.48	22.2475	2391.03
107.52	22.2475	2391.92
107.56	22.2475	2392.81
107.6	22.2475	2393.7
107.64	22.2475	2394.59
107.68	22.2475	2395.48
107.72	22.2475	2396.37
107.76	22.2475	2397.26
107.8	22.2475	2398.15
107.84	22.2475	2399.04
107.88	22.2475	2399.93
107.92	22.2475	2400.82
107.96	22.2475	2401.71
108	22.2475	2402.6
108.04	22.2475	2403.49
108.08	22.2475	2404.38
108.12	22.2475	2405.27
108.16	22.2475	2406.16
108.2	22.2475	2407.05
108.24	22.2475	2407.94
108.28	22.2475	2408.83
108.32	22.2475	2409.72
108.36	22.2475	2410.61
108.4	22.2475	2411.5
108.44	22.2475	2412.39
108.48	22.2475	2413.28
108.52	22.2475	2414.17
108.56	22.2475	2415.06
108.6	22.2475	2415.95
108.64	22.2475	2416.84
108.68	22.2475	2417.73
108.72	22.2475	2418.62
108.76	22.2475	2419.51
108.8	22.2475	2420.4
108.84	22.2475	2421.29
108.88	22.2475	2422.18
108.92	22.2475	2423.07
108.96	22.2475	2423.96
109	22.2475	2424.85
109.04	22.2475	2425.74
109.08	22.2475	2426.63
109.12	22.2475	2427.52
109.16	22.2475	2428.41
109.2	22.2475	2429.3
109.24	22.2475	2430.19
109.28	22.2475	2431.08
109.32	22.2475	2431.96
109.36	22.2475	2432.85
109.4	22.2475	2433.74
109.44	22.2475	2434.63
109.48	22.2475	2435.52
109.52	22.2475	2436.41
109.56	22.2475	2437.3
109.6	22.2475	2438.19
109.64	22.2475	2439.08
109.68	22.2475	2439.97
109.72	22.2475	2440.86
109.76	22.2475	2441.75
109.8	22.2475	2442.64
109.84	22.2475	2443.53
109.88	22.2475	2444.42
109.92	22.2475	2445.31
109.96	22.2475	2446.2
110	22.2475	2447.09
110.04	22.2475	2447.98
110.08	22.2475	2448.87
110.12	22.2475	2449.76
110.16	22.2475	2450.65
110.2	22.2475	2451.54
110.24	22.2475	2452.43
110.28	22.2475	2453.32
110.32	22.2475	2454.21
110.36	22.2475	2455.1
110.4	22.2475	2455.99
110.44	22.2475	2456.88
110.48	22.2475	2457.77
110.52	22.2475	2458.66
110.56	22.2475	2459.55
110.6	22.2475	2460.44
110.64	22.2475	2461.33
110.68	22.2475	2462.22
110.72	22.2475	2463.11
110.76	22.2475	2464
110.8	22.2475	2464.89
110.84	22.2475	2465.78
110.88	22.2475	2466.67
110.92	22.2475	2467.56
110.96	22.2475	2468.45
111	22.2475	2469.34
111.04	22.2475	2470.23
111.08	22.2475	2471.12
111.12	22.2475	2472.01
111.16	22.2475	2472.9
111.2	22.2475	2473.79
111.24	22.2475	2474.68
111.28	22.2475	2475.57
111.32	22.2475	2476.46
111.36	22.2475	2477.35
111.4	22.2475	2478.24
111.44	22.2475	2479.13
111.48	22.2475	2480.02
111.52	22.2475	2480.91
111.56	22.2475	2481.8
111.6	22.2475	2482.69
111.64	22.2475	2483.58
111.68	22.2475	2484.47
111.72	22.2475	2485.36
111.76	22.2475	2486.25
111.8	22.2475	2487.14
111.84	22.2475	2488.03
111.88	22.2475	2488.92
111.92	22.2475	2489.81
111.96	22.2475	2490.7
112	22.2475	2491.59
112.04	22.2475	2492.47
112.08	22.2475	2493.36
112.12	22.2475	2494.25
112.16	22.2475	2495.14
112.2	22.2475	2496.03
112.24	22.2475	2496.92
112.28	22.2475	2497.81
112.32	22.2475	2498.7
112.36	22.2475	2499.59
112.4	22.2475	2500.48
112.44	22.2475	2501.37
112.48	22.2475	2502.26
112.52	22.2475	2503.15
112.56	22.2475	2504.04
112.6	22.2475	2504.93
112.64	22.2475	2505.82
112.68	22.2475	2506.71
112.72	22.2475	2507.6
112.76	22.2475	2508.49
112.8	22.2475	2509.38
112.84	22.2475	2510.27
112.88	22.2475	2511.16
112.92	22.2475	2512.05
112.96	22.2475	2512.94
113	22.2475	2513.83
113.04	22.2475	2514.72
113.08	22.2475	2515.61
113.12	22.2475	2516.5
113.16	22.2475	2517.39
113.2	22.2475	2518.28
113.24	22.2475	2519.17
113.28	22.2475	2520.06
113.32	22.2475	2520.95
113.36	22.2475	2521.84
113.4	22.2475	2522.73
113.44	22.2475	2523.62
113.48	22.2475	2524.51
113.52	22.2475	2525.4
113.56	22.2475	2526.29
113.6	22.2475	2527.18
113.64	22.2475	2528.07
113.68	22.2475	2528.96
113.72	22.2475	2529.85
113.76	22.2475	2530.74
113.8	22.2475	2531.63
113.84	22.2475	2532.52
113.88	22.2475	2533.41
113.92	22.2475	2534.3
113.96	22.2475	2535.19
114	22.2475	2536.08
114.04	22.2475	2536.97
114.08	22.2475	2537.86
114.12	22.2475	2538.75
114.16	22.2475	2539.64
114.2	22.2475	2540.53
114.24	22.2475	2541.42
114.28	22.2475	2542.31
114.32	22.2475	2543.2
114.36	22.2475	2544.09
114.4	22.2475	2544.98
114.44	22.2475	2545.87
114.48	22.2475	2546.76
114.52	22.2475	2547.65
114.56	22.2475	2548.54
114.6	22.2475	2549.43
114.64	22.2475	2550.32
114.68	22.2475	2551.21
114.72	22.2475	2552.09
114.76	22.2475	2552.98
114.8	22.2475	2553.87
114.84	22.2475	2554.76
114.88	22.2475	2555.65
114.92	22.2475	2556.54
114.96	22.2475	2557.43
115	22.2475	2558.32
115.04	22.2475	2559.21
115.08	22.2475	2560.1
115.12	22.2475	2560.99
115.16	22.2475	2561.88
115.2	22.2475	2562.77
115.24	22.2475	2563.66
115.28	22.2475	2564.55
115.32	22.2475	2565.44
115.36	22.2475	2566.33
115.4	22.2475	2567.22
115.44	22.2475	2568.11
115.48	22.2475	2569
115.52	22.2475	2569.89
115.56	22.2475	2570.78
115.6	22.2475	2571.67
115.64	22.2475	2572.56
115.68	22.2475	2573.45
115.72	22.2475	2574.34
115.76	22.2475	2575.23
115.8	22.2475	2576.12
115.84	22.2475	2577.01
115.88	22.2475	2577.9
115.92	22.2475	2578.79
115.96	22.2475	2579.68
116	22.2475	2580.57
116.04	22.2475	2581.46
116.08	22.2475	2582.35
116.12	22.2475	2583.24
116.16	22.2475	2584.13
116.2	22.2475	2585.02
116.24	22.2475	2585.91
116.28	22.2475	2586.8
116.32	22.2475	2587.69
116.36	22.2475	2588.58
116.4	22.2475	2589.47
116.44	22.2475	2590.36
116.48	22.2475	2591.25
116.52	22.2475	2592.14
116.56	22.2475	2593.03
116.6	22.2475	2593.92
116.64	22.2475	2594.81
116.68	22.2475	2595.7
116.72	22.2475	2596.59
116.76	22.2475	2597.48
116.8	22.2475	2598.37
116.84	22.2475	2599.26
116.88	22.2475	2600.15
116.92	22.2475	2601.04
116.96	22.2475	2601.93
117	22.2475	2602.82
117.04	22.2475	2603.71
117.08	22.2475	2604.6
117.12	22.2475	2605.49
117.16	22.2475	2606.38
117.2	22.2475	2607.27
117.24	22.2475	2608.16
117.28	22.2475	2609.05
117.32	22.2475	2609.94
117.36	22.2475	2610.83
117.4	22.2475	2611.72
117.44	22.2475	2612.6
117.48	22.2475	2613.49
117.52	22.2475	2614.38
117.56	22.2475	2615.27
117.6	22.2475	2616.16
117.64	22.2475	2617.05
117.68	22.2475	2617.94
117.72	22.2475	2618.83
117.76	22.2475	2619.72
117.8	22.2475	2620.61
117.84	22.2475	2621.5
117.88	22.2475	2622.39
117.92	22.2475	2623.28
117.96	22.2475	2624.17
118	22.2475	2625.06
118.04	22.2475	2625.95
118.08	22.2475	2626.84
118.12	22.2475	2627.73
118.16	22.2475	2628.62
118.2	22.2475	2629.51
118.24	22.2475	2630.4
118.28	22.2475	2631.29
118.32	22.2475	2632.18
118.36	22.2475	2633.07
118.4	22.2475	2633.96
118.44	22.2475	2634.85
118.48	22.2475	2635.74
118.52	22.2475	2636.63
118.56	22.2475	2637.52
118.6	22.2475	2638.41
118.64	22.2475	2639.3
118.68	22.2475	2640.19
118.72	22.2475	2641.08
118.76	22.2475	2641.97
118.8	22.2475	2642.86
118.84	22.2475	2643.75
118.88	22.2475	2644.64
118.92	22.2475	2645.53
118.96	22.2475	2646.42
119	22.2475	2647.31
119.04	22.2475	2648.2
119.08	22.2475	2649.09
119.12	22.2475	2649.98
119.16	22.2475	2650.87
119.2	22.2475	2651.76
119.24	22.2475	2652.65
119.28	22.2475	2653.54
119.32	22.2475	2654.43
119.36	22.2475	2655.32
119.4	22.2475	2656.21
119.44	22.2475	2657.1
119.48	22.2475	2657.99
119.52	22.2475	2658.88
119.56	22.2475	2659.77
119.6	22.2475	2660.66
119.64	22.2475	2661.55
119.68	22.2475	2662.44
119.72	22.2475	2663.33
119.76	22.2475	2664.22
119.8	22.2475	2665.11
119.84	22.2475	2666
119.88	22.2475	2666.89
119.92	22.2475	2667.78
119.96	22.2475	2668.67
